-1.984451757544341 35.1676334366372
-1.768301716673967 35.23334275054973
-1.619458842589558 35.30648186275418
-1.357617187300164 35.41657220554851
-1.19774927586652 35.64244885116324
-0.918672568236143 35.811444640944
-0.6695894359711385 35.8195868623578
-0.5849550152465133 35.88783089744632
-0.4415208527564962 35.97460749586986
-0.2478441096084205 35.94174253618742
-0.1116480272453724 35.86620971243131
0.001326338509661795 35.95926417892777
0.09218748838703883 36.08386162450819
0.2403158541494088 36.21332590208055
0.6824037501371549 36.39538433582531
1.263200808204745 36.59115035238164
1.593267150839874 36.6159627049195
1.933948609695129 36.62413837808169
2.244303340463021 36.69281916832178
2.583830077993936 36.67125341042662
2.76348534926923 36.74686449420821
2.935182762993962 36.90475704599931
3.154696844537572 36.83498165717005
3.436983015195552 36.87183482583016
3.659326164154035 36.9074605638446
3.953541525529716 36.9764909039033
4.238115876737032 36.96300134216189
4.564038572563167 36.9493539574411
4.900996854045616 36.93509559012006
5.08286852786145 36.84566945943546
5.284478928946026 36.73977377534031
5.480306107657551 36.76475069439545
5.763030682428743 36.87988732428599
6.055229005624603 36.92088844860768
6.239044201318311 37.04454593944293
6.371404537814378 37.16032784736785
6.703548028027706 37.08455216262008
6.887987236727162 37.00052033735379
7.086450916864586 37.10745954448736
7.369016703065505 37.17225193490508
7.51563087781522 37.12928941042866
7.744754544439642 37.04354227036762
7.904220659436605 36.89978143619561
8.215802827550021 36.99713132244094
8.368843282422256 37.81714019095689
7.999390850990757 37.82788387700197
7.6984481952318 37.92620186177699
7.345509815217999 37.97228610193588
7.032341456630176 37.95043817657009
6.822992148525085 37.91095495382568
6.67844086449993 37.94702974534054
6.428171752149487 37.96644055237211
6.084761823328351 37.91977372657498
5.746427900369751 37.799072182755
5.5298723427079 37.67887202052967
5.346033893370401 37.63959500785563
5.139884503130911 37.71971777568426
4.79758229218632 37.76052638861062
4.147245644249411 37.78619892206699
3.704762007412634 37.78732352722488
3.420162170232706 37.71575278479099
3.203898567783721 37.68643290109905
2.803048243330069 37.6798729455736
2.278930118397677 37.52984623661066
1.906018605510449 37.45862305151879
1.464671576428647 37.415810600795
1.308398754759068 37.09154408151415
0.8803685046351961 37.00622986274801
0.5057534416958442 36.86453991366807
0.3837382264403888 36.81512100817873
-0.02270304864328665 36.64076935149909
-0.2726669776936186 36.49582352300176
-0.4518965776333428 36.44323334141099
-0.7268450799025561 36.3858560728616
-0.9470530664094157 36.30745673425805
-1.177389661321666 36.26826778353225
-1.388842605584116 36.21821992028113
-1.537784747289028 36.15853899544107
-1.657137047854069 36.07096949910146
-1.962466367229109 35.69010950196853
-2.054983337000883 35.62588665428315
-1.984451757544341 35.1676334366372
