6.077593333333333447e+01
6.078076666666666483e+01
6.078106666666666769e+01
6.078155000000000285e+01
6.078085000000000093e+01
6.078158333333333019e+01
6.078441666666666521e+01
6.078968333333333618e+01
6.079038333333333100e+01
6.079451666666666654e+01
6.080091666666666583e+01
6.080993333333333339e+01
6.081631666666666547e+01
6.082376666666666409e+01
6.082954999999999757e+01
6.083078333333333632e+01
6.083053333333333512e+01
6.083166666666666345e+01
6.083286666666666775e+01
6.083619999999999806e+01
6.084191666666666976e+01
6.084725000000000250e+01
6.085151666666666870e+01
6.085486666666666622e+01
6.085613333333333230e+01
6.085540000000000305e+01
6.085320000000000107e+01
6.085176666666666989e+01
6.085086666666666844e+01
6.085233333333333405e+01
6.085696666666666488e+01
6.086111666666666764e+01
6.086468333333333192e+01
6.086803333333333654e+01
6.087113333333333287e+01
6.087336666666666929e+01
6.087530000000000285e+01
6.087733333333333263e+01
6.087798333333333289e+01
6.088134999999999764e+01
6.088351666666666517e+01
6.088745000000000118e+01
6.089041666666666686e+01
6.089268333333333061e+01
6.089496666666666869e+01
6.089983333333333348e+01
6.090828333333332978e+01
6.091893333333333516e+01
6.092860000000000298e+01
6.093549999999999756e+01
6.093871666666666442e+01
6.093938333333333190e+01
6.094133333333333269e+01
6.094103333333333694e+01
6.094231666666667024e+01
6.095100000000000051e+01
6.095873333333333477e+01
6.095635000000000048e+01
6.094290000000000163e+01
6.092058333333333309e+01
6.089846666666666408e+01
6.089658333333333218e+01
6.089221666666666977e+01
6.089006666666666945e+01
6.088974999999999937e+01
6.088856666666666939e+01
6.088653333333333251e+01
6.088255000000000194e+01
6.087823333333333409e+01
6.087378333333333558e+01
6.087063333333333048e+01
6.086773333333333369e+01
6.086401666666666443e+01
6.085841666666666328e+01
6.084668333333333123e+01
6.083873333333333022e+01
6.082911666666666406e+01
6.082851666666666546e+01
6.082728333333333381e+01
6.083216666666666583e+01
6.082548333333333090e+01
6.081954999999999956e+01
6.080153333333333165e+01
6.079063333333333219e+01
6.079058333333333053e+01
6.078301666666666847e+01
6.077903333333333080e+01
6.077716666666666612e+01
6.077806666666666757e+01
6.077413333333333156e+01
6.076951666666666796e+01
6.076388333333333236e+01
6.075614999999999810e+01
6.074941666666666862e+01
6.074346666666667005e+01
6.074096666666666522e+01
6.074423333333333375e+01
6.075181666666667013e+01
6.075654999999999717e+01
6.076023333333333198e+01
6.076274999999999693e+01
6.076330000000000098e+01
6.076396666666666846e+01
6.076646666666666619e+01
6.077183333333333337e+01
6.077778333333333194e+01
6.078248333333333164e+01
6.078365000000000151e+01
6.077993333333333226e+01
6.077486666666666792e+01
6.076805000000000234e+01
6.076071666666666715e+01
6.075456666666666905e+01
6.074808333333333366e+01
6.074298333333333488e+01
6.073876666666666324e+01
6.073598333333332988e+01
6.073271666666666846e+01
6.072928333333333484e+01
6.072398333333333653e+01
6.071781666666666410e+01
6.071258333333333468e+01
6.070644999999999669e+01
6.070151666666667012e+01
6.069718333333333504e+01
6.069140000000000157e+01
6.070620000000000260e+01
6.072265000000000157e+01
6.073596666666666977e+01
6.074584999999999724e+01
6.075204999999999700e+01
6.075493333333333368e+01
6.076290000000000191e+01
6.077069999999999794e+01
6.077980000000000160e+01
6.079008333333333525e+01
6.079963333333333253e+01
6.080948333333333267e+01
6.081808333333333394e+01
6.082489999999999952e+01
6.082973333333332988e+01
6.083261666666666656e+01
6.083574999999999733e+01
6.083834999999999837e+01
6.084353333333333325e+01
6.084830000000000183e+01
6.085456666666666337e+01
6.086195000000000022e+01
6.084975000000000023e+01
6.083591666666666953e+01
6.082308333333333650e+01
6.080833333333333002e+01
6.079410000000000025e+01
6.078353333333333097e+01
6.077891666666666737e+01
6.077623333333333022e+01
6.077421666666666766e+01
6.077273333333333483e+01
6.076156666666666695e+01
6.074945000000000306e+01
6.073619999999999663e+01
6.072406666666666553e+01
6.071289999999999765e+01
6.070478333333333154e+01
6.069644999999999868e+01
6.069088333333333196e+01
6.068484999999999729e+01
6.068023333333333369e+01
6.067390000000000327e+01
6.066676666666666762e+01
6.067301666666666904e+01
6.067853333333333410e+01
6.068368333333333453e+01
6.069019999999999726e+01
6.069735000000000014e+01
6.070606666666666484e+01
6.071564999999999657e+01
6.072468333333333135e+01
6.073373333333333335e+01
6.073975000000000080e+01
6.074533333333333474e+01
6.074943333333333584e+01
6.075431666666666786e+01
6.076019999999999754e+01
6.076760000000000161e+01
6.076154999999999973e+01
6.075659999999999883e+01
6.075104999999999933e+01
6.074410000000000309e+01
6.073468333333333646e+01
6.072483333333333633e+01
6.071356666666666513e+01
6.070256666666666945e+01
6.069368333333333254e+01
6.068693333333333584e+01
6.067941666666666833e+01
6.067413333333333014e+01
6.066975000000000051e+01
6.066513333333332980e+01
6.066080000000000183e+01
6.066538333333333100e+01
6.066953333333333376e+01
6.067226666666666546e+01
6.067815000000000225e+01
6.068594999999999828e+01
6.069421666666666937e+01
6.070471666666666977e+01
6.071305000000000263e+01
6.072205000000000297e+01
6.072808333333333053e+01
6.073328333333333262e+01
6.073718333333333419e+01
6.074036666666666662e+01
6.074371666666666414e+01
6.074883333333333013e+01
6.075583333333333513e+01
6.076350000000000051e+01
6.077035000000000053e+01
6.077421666666666766e+01
6.077001666666666324e+01
6.077101666666666802e+01
6.077145000000000152e+01
6.077369999999999806e+01
6.077316666666666833e+01
6.077321666666666999e+01
6.077256666666666973e+01
6.077493333333333680e+01
6.077221666666666522e+01
6.077441666666666720e+01
6.077355000000000018e+01
6.077519999999999811e+01
6.077451666666666341e+01
6.077413333333333156e+01
6.077403333333333535e+01
6.077428333333333654e+01
6.077478333333333183e+01
6.077233333333333576e+01
6.077286666666666548e+01
6.076905000000000001e+01
6.076624999999999943e+01
6.076854999999999762e+01
6.077013333333333378e+01
6.076415000000000077e+01
6.076581666666666592e+01
6.076700000000000301e+01
6.076959999999999695e+01
6.076348333333333329e+01
6.076616666666666333e+01
6.076894999999999669e+01
6.076313333333333588e+01
6.076590000000000202e+01
6.076924999999999955e+01
6.076373333333333449e+01
6.076650000000000063e+01
6.076906666666666723e+01
6.076243333333333396e+01
6.076548333333333574e+01
6.076744999999999663e+01
6.076825000000000188e+01
6.076744999999999663e+01
6.076513333333333122e+01
6.076461666666666872e+01
6.076436666666666753e+01
6.076520000000000010e+01
6.076666666666666572e+01
6.076839999999999975e+01
6.076788333333333014e+01
6.076610000000000156e+01
6.076808333333333678e+01
6.076919999999999789e+01
6.076713333333333367e+01
6.077013333333333378e+01
6.076498333333333335e+01
6.076839999999999975e+01
6.076715000000000089e+01
6.076603333333333268e+01
6.076749999999999829e+01
6.076961666666666417e+01
6.076503333333333501e+01
6.076693333333333413e+01
6.076683333333333081e+01
6.077011666666666656e+01
6.076534999999999798e+01
6.076854999999999762e+01
6.076676666666666904e+01
6.077098333333333358e+01
6.076626666666666665e+01
6.077123333333333477e+01
6.076743333333333652e+01
6.077378333333333416e+01
6.077123333333333477e+01
6.076870000000000260e+01
6.076761666666666883e+01
6.077033333333333331e+01
6.076863333333333372e+01
6.076856666666666484e+01
6.076774999999999949e+01
6.076826666666666910e+01
6.076594999999999658e+01
6.076743333333333652e+01
6.076816666666666578e+01
6.076839999999999975e+01
6.076944999999999908e+01
6.077183333333333337e+01
6.076834999999999809e+01
6.076781666666666837e+01
6.076923333333333233e+01
6.076758333333333439e+01
6.077093333333333192e+01
6.077396666666666647e+01
6.077629999999999910e+01
6.077830000000000155e+01
6.077916666666666856e+01
6.077913333333333412e+01
6.077946666666666431e+01
6.077875000000000227e+01
6.077876666666666949e+01
6.078155000000000285e+01
6.077429999999999666e+01
6.077688333333333048e+01
6.077935000000000088e+01
6.078164999999999907e+01
6.077600000000000335e+01
6.077875000000000227e+01
6.078111666666666935e+01
6.077531666666666865e+01
6.077821666666666545e+01
38
38
