3.401866666666666816e+00
3.410600000000000076e+00
3.420533333333333204e+00
3.433416666666666561e+00
3.446033333333333282e+00
3.478866666666666774e+00
3.503833333333333577e+00
3.515616666666666834e+00
3.538283333333333225e+00
3.557716666666666860e+00
3.575466666666666793e+00
3.591933333333333422e+00
3.613049999999999873e+00
3.630166666666666764e+00
3.643783333333333374e+00
3.660700000000000287e+00
3.680716666666666637e+00
3.698783333333333090e+00
3.715933333333333533e+00
3.732600000000000140e+00
3.744066666666666876e+00
3.761366666666666525e+00
3.771466666666666523e+00
3.784533333333333527e+00
3.797666666666666746e+00
3.814016666666666833e+00
3.823066666666666613e+00
3.839416666666666700e+00
3.855599999999999916e+00
3.872900000000000009e+00
3.891783333333333150e+00
3.913450000000000095e+00
3.937300000000000022e+00
3.961650000000000116e+00
3.987400000000000055e+00
4.012566666666666393e+00
4.036366666666666880e+00
4.059650000000000425e+00
4.081400000000000361e+00
4.106083333333333307e+00
4.130966666666666676e+00
4.154366666666666319e+00
4.179516666666666325e+00
4.201866666666666639e+00
4.224833333333333663e+00
4.250799999999999912e+00
4.274783333333333601e+00
4.297783333333333289e+00
4.315616666666667101e+00
4.331766666666666765e+00
4.342050000000000409e+00
4.345983333333333754e+00
4.346899999999999764e+00
4.348866666666666880e+00
4.347299999999999720e+00
4.312416666666666565e+00
4.277716666666666612e+00
4.238416666666666721e+00
4.203000000000000291e+00
4.157600000000000406e+00
4.124916666666666565e+00
4.123383333333332956e+00
4.102283333333333282e+00
4.078149999999999942e+00
4.051800000000000068e+00
4.027966666666666917e+00
4.002716666666666256e+00
3.977483333333333260e+00
3.952833333333333421e+00
3.927683333333333415e+00
3.899516666666666520e+00
3.866816666666666791e+00
3.836533333333333573e+00
3.805316666666666681e+00
3.768749999999999822e+00
3.740366666666666617e+00
3.708083333333333176e+00
3.676583333333333314e+00
3.685416666666666785e+00
3.690766666666666751e+00
3.659883333333333155e+00
3.629766666666666808e+00
3.603883333333333105e+00
3.548750000000000071e+00
3.523400000000000087e+00
3.494633333333333258e+00
3.467016666666666858e+00
3.441250000000000142e+00
3.416733333333333178e+00
3.392850000000000144e+00
3.368833333333333346e+00
3.343983333333333086e+00
3.320583333333333442e+00
3.296066666666666478e+00
3.273116666666666674e+00
3.249866666666666681e+00
3.228116666666666745e+00
3.207566666666666677e+00
3.229166666666666519e+00
3.251800000000000246e+00
3.274316666666666542e+00
3.294616666666666749e+00
3.317466666666666786e+00
3.336816666666666542e+00
3.351999999999999869e+00
3.368983333333333441e+00
3.385883333333333134e+00
3.402916666666666590e+00
3.418066666666666809e+00
3.434416666666666451e+00
3.451866666666666639e+00
3.469633333333333347e+00
3.490466666666666828e+00
3.512216666666666764e+00
3.531516666666666637e+00
3.556366666666666454e+00
3.578599999999999781e+00
3.602683333333333238e+00
3.626716666666666811e+00
3.651866666666666816e+00
3.674466666666666548e+00
3.699916666666666742e+00
3.724466666666666814e+00
3.750033333333333552e+00
3.772783333333333378e+00
3.788366666666666660e+00
3.783766666666666723e+00
3.778883333333333372e+00
3.770433333333333081e+00
3.759483333333333288e+00
3.745733333333333359e+00
3.728916666666666657e+00
3.719233333333333391e+00
3.706999999999999851e+00
3.692949999999999733e+00
3.677950000000000053e+00
3.661733333333333285e+00
3.646633333333333393e+00
3.632916666666666572e+00
3.619499999999999940e+00
3.607283333333333175e+00
3.599516666666666698e+00
3.592933333333333312e+00
3.589383333333333148e+00
3.586100000000000065e+00
3.581566666666666787e+00
3.579716666666666658e+00
3.580966666666666853e+00
3.561166666666666814e+00
3.540249999999999897e+00
3.517666666666666497e+00
3.496383333333333177e+00
3.474383333333333379e+00
3.450383333333333358e+00
3.423350000000000115e+00
3.442466666666666786e+00
3.460966666666666747e+00
3.482333333333333503e+00
3.497616666666666596e+00
3.513449999999999740e+00
3.530366666666666653e+00
3.547916666666666607e+00
3.566416666666666568e+00
3.583933333333333415e+00
3.598583333333333467e+00
3.616849999999999898e+00
3.636416666666666853e+00
3.658399999999999874e+00
3.683133333333333148e+00
3.708483333333333576e+00
3.702466666666666573e+00
3.694100000000000161e+00
3.684533333333333438e+00
3.672550000000000203e+00
3.661483333333333423e+00
3.649666666666666615e+00
3.637333333333333307e+00
3.623899999999999899e+00
3.606566666666666698e+00
3.594216666666666615e+00
3.579633333333333223e+00
3.563816666666666855e+00
3.548066666666666702e+00
3.531516666666666637e+00
3.511649999999999938e+00
3.526466666666666860e+00
3.543449999999999989e+00
3.563016666666666499e+00
3.584966666666666413e+00
3.606366666666666720e+00
3.630850000000000133e+00
3.651833333333333265e+00
3.673466666666666658e+00
3.694616666666666660e+00
3.720016666666666527e+00
3.738283333333333402e+00
3.753200000000000092e+00
3.759766666666666701e+00
3.764016666666666566e+00
3.770416666666666750e+00
3.786683333333333401e+00
3.789616666666666855e+00
3.793533333333333424e+00
3.790499999999999758e+00
3.786416666666666764e+00
3.778883333333333372e+00
3.768816666666666482e+00
3.747416666666666618e+00
3.744349999999999845e+00
3.730566666666666809e+00
3.715250000000000163e+00
3.697466666666666679e+00
3.678366666666666784e+00
3.655683333333333174e+00
3.631050000000000111e+00
3.606483333333333263e+00
3.578966666666666629e+00
3.551866666666666728e+00
3.526749999999999829e+00
3.545183333333333131e+00
3.533883333333333265e+00
3.523066666666666791e+00
3.516849999999999810e+00
3.522833333333333261e+00
3.514783333333333371e+00
3.521633333333333393e+00
3.516366666666666418e+00
3.523866666666666703e+00
3.516266666666666652e+00
3.523466666666666747e+00
3.510816666666666919e+00
3.517216666666666658e+00
3.522583333333333400e+00
3.507116666666666660e+00
3.514299999999999979e+00
3.520950000000000024e+00
3.510050000000000114e+00
3.516300000000000203e+00
3.506366666666666632e+00
3.493900000000000006e+00
3.494699999999999918e+00
3.490183333333333415e+00
3.497433333333333394e+00
3.493816666666666571e+00
3.495233333333333192e+00
3.492949999999999999e+00
3.497583333333333488e+00
3.493300000000000072e+00
3.495333333333333403e+00
3.487933333333333330e+00
3.491733333333333356e+00
3.495499999999999829e+00
3.489816666666666567e+00
3.493149999999999977e+00
3.495550000000000157e+00
3.496633333333333482e+00
3.496116666666666539e+00
3.495833333333333570e+00
3.493866666666666454e+00
3.499516666666666609e+00
3.491699999999999804e+00
3.497783333333333466e+00
3.496616666666666706e+00
3.496816666666666684e+00
3.496433333333333504e+00
3.493866666666666454e+00
3.503683333333333483e+00
3.493266666666666520e+00
3.496700000000000141e+00
3.489016666666666655e+00
3.497583333333333488e+00
3.492666666666666586e+00
3.499116666666666653e+00
3.496383333333333177e+00
3.506316666666666748e+00
3.498833333333333240e+00
3.495133333333333425e+00
3.498916666666666675e+00
3.495266666666666744e+00
3.498516666666666719e+00
3.495266666666666744e+00
3.499183333333333312e+00
3.495416666666666838e+00
3.500266666666666637e+00
3.494816666666666904e+00
3.497949999999999893e+00
3.495350000000000179e+00
3.497516666666666829e+00
3.495583333333333265e+00
3.494899999999999896e+00
3.496016666666666772e+00
3.496666666666666590e+00
3.491366666666666507e+00
3.503433333333333177e+00
3.497149999999999981e+00
3.489650000000000141e+00
3.502600000000000158e+00
3.495033333333333214e+00
3.506566666666666610e+00
3.500199999999999978e+00
3.493100000000000094e+00
3.504366666666666852e+00
3.496666666666666590e+00
3.489183333333333081e+00
3.496750000000000025e+00
3.488366666666666838e+00
3.497633333333333372e+00
3.490816666666666457e+00
3.482166666666666632e+00
3.473383333333333489e+00
3.464649999999999785e+00
3.456483333333333352e+00
3.447700000000000209e+00
3.430316666666666681e+00
3.428999999999999826e+00
3.419633333333333525e+00
3.410483333333333533e+00
3.410366666666666546e+00
3.411200000000000010e+00
3.412250000000000227e+00
3.410616666666666852e+00
3.406916666666666593e+00
3.414449999999999985e+00
3.412016666666666698e+00
3.408599999999999852e+00
3.414849999999999941e+00
3.411333333333333329e+00
2.
3.
