   1.3766979e+01   4.5606812e+01
   1.3749331e+01   4.5608799e+01
   1.3719148e+01   4.5594178e+01
   1.3715867e+01   4.5596229e+01
   1.3712500e+01   4.5598333e+01
   1.3694053e+01   4.5605414e+01
   1.3682907e+01   4.5609692e+01
   1.3672411e+01   4.5613721e+01
   1.3668256e+01   4.5615316e+01
   1.3630000e+01   4.5630000e+01
   1.3560460e+01   4.5611383e+01
   1.3513043e+01   4.5598689e+01
   1.3504666e+01   4.5596446e+01
   1.3470536e+01   4.5587309e+01
   1.3374628e+01   4.5561633e+01
   1.3369831e+01   4.5560348e+01
   1.3369831e+01   4.5560348e+01
   1.3312500e+01   4.5545000e+01
   1.3211667e+01   4.5453333e+01
   1.3190000e+01   4.5431667e+01
   1.3190000e+01   4.5431667e+01
   1.3101667e+01   4.5335000e+01
   1.3063333e+01   4.5280000e+01
   1.3020000e+01   4.5205000e+01
   1.3008333e+01   4.5185000e+01
   1.3078333e+01   4.4975000e+01
   1.3080674e+01   4.4957929e+01
   1.3106667e+01   4.4768333e+01
   1.3113333e+01   4.4738333e+01
   1.3135000e+01   4.4500000e+01
   1.3183333e+01   4.4476667e+01
   1.3195000e+01   4.4465000e+01
   1.3471667e+01   4.4296667e+01
   1.3631667e+01   4.4208333e+01
   1.3666667e+01   4.4180000e+01
   1.4015000e+01   4.4008333e+01
   1.4083333e+01   4.3958333e+01
   1.4171667e+01   4.3900000e+01
   1.4356667e+01   4.3716667e+01
   1.4391667e+01   4.3671667e+01
   1.4408333e+01   4.3640000e+01
   1.4440000e+01   4.3606667e+01
   1.4506667e+01   4.3526667e+01
   1.4533333e+01   4.3495000e+01
   1.4581667e+01   4.3420000e+01
   1.4766667e+01   4.3216667e+01
   1.4798333e+01   4.3176667e+01
   1.4908333e+01   4.3063333e+01
   1.4965000e+01   4.3013333e+01
   1.5011667e+01   4.2986667e+01
   1.5158333e+01   4.2798333e+01
   1.5363333e+01   4.2613333e+01
   1.5746667e+01   4.2491667e+01
   1.5983056e+01   4.2434722e+01
   1.5982222e+01   4.2431389e+01
   1.5981389e+01   4.2428056e+01
   1.5980556e+01   4.2424722e+01
   1.5980000e+01   4.2421389e+01
   1.5979444e+01   4.2418333e+01
   1.5978889e+01   4.2415000e+01
   1.5978333e+01   4.2411667e+01
   1.5978056e+01   4.2408333e+01
   1.5977778e+01   4.2405000e+01
   1.5977500e+01   4.2401667e+01
   1.5977222e+01   4.2398333e+01
   1.5977222e+01   4.2395000e+01
   1.5977222e+01   4.2391667e+01
   1.5977500e+01   4.2388333e+01
   1.5977500e+01   4.2385000e+01
   1.5977778e+01   4.2381667e+01
   1.5978056e+01   4.2378333e+01
   1.5978333e+01   4.2375000e+01
   1.5978889e+01   4.2371667e+01
   1.5979444e+01   4.2368333e+01
   1.5980000e+01   4.2365000e+01
   1.5980556e+01   4.2361944e+01
   1.5981389e+01   4.2358611e+01
   1.5982222e+01   4.2355278e+01
   1.5983056e+01   4.2351944e+01
   1.5984167e+01   4.2348611e+01
   1.5985000e+01   4.2345556e+01
   1.5986111e+01   4.2342222e+01
   1.5987500e+01   4.2339167e+01
   1.5988611e+01   4.2335833e+01
   1.5990000e+01   4.2332778e+01
   1.5991389e+01   4.2329444e+01
   1.5992778e+01   4.2326389e+01
   1.5994444e+01   4.2323333e+01
   1.5996111e+01   4.2320000e+01
   1.5997778e+01   4.2316944e+01
   1.5999444e+01   4.2313889e+01
   1.6001111e+01   4.2310833e+01
   1.6003056e+01   4.2307778e+01
   1.6005000e+01   4.2304722e+01
   1.6006944e+01   4.2301944e+01
   1.6009167e+01   4.2298889e+01
   1.6011389e+01   4.2296111e+01
   1.6013611e+01   4.2293056e+01
   1.6015833e+01   4.2290278e+01
   1.6018056e+01   4.2287222e+01
   1.6020556e+01   4.2284444e+01
   1.6023056e+01   4.2281667e+01
   1.6025556e+01   4.2278889e+01
   1.6028056e+01   4.2276389e+01
   1.6030833e+01   4.2273611e+01
   1.6033333e+01   4.2270833e+01
   1.6036111e+01   4.2268333e+01
   1.6039167e+01   4.2265556e+01
   1.6041944e+01   4.2263056e+01
   1.6044722e+01   4.2260556e+01
   1.6047778e+01   4.2258056e+01
   1.6050833e+01   4.2255556e+01
   1.6053889e+01   4.2253333e+01
   1.6057222e+01   4.2250833e+01
   1.6060278e+01   4.2248611e+01
   1.6063611e+01   4.2246389e+01
   1.6066944e+01   4.2243889e+01
   1.6070278e+01   4.2241667e+01
   1.6073611e+01   4.2239722e+01
   1.6077222e+01   4.2237500e+01
   1.6080556e+01   4.2235278e+01
   1.6084167e+01   4.2233333e+01
   1.6087778e+01   4.2231389e+01
   1.6091389e+01   4.2229444e+01
   1.6095278e+01   4.2227500e+01
   1.6098889e+01   4.2225556e+01
   1.6102778e+01   4.2223889e+01
   1.6106389e+01   4.2221944e+01
   1.6110278e+01   4.2220278e+01
   1.6114167e+01   4.2218611e+01
   1.6118056e+01   4.2216944e+01
   1.6121944e+01   4.2215556e+01
   1.6126111e+01   4.2213889e+01
   1.6130000e+01   4.2212500e+01
   1.6134167e+01   4.2211111e+01
   1.6138333e+01   4.2209722e+01
   1.6142222e+01   4.2208333e+01
   1.6146389e+01   4.2206944e+01
   1.6150556e+01   4.2205833e+01
   1.6155000e+01   4.2204444e+01
   1.6159167e+01   4.2203333e+01
   1.6163333e+01   4.2202500e+01
   1.6167500e+01   4.2201389e+01
   1.6171944e+01   4.2200278e+01
   1.6176111e+01   4.2199444e+01
   1.6180556e+01   4.2198611e+01
   1.6185000e+01   4.2197778e+01
   1.6189444e+01   4.2196944e+01
   1.6193611e+01   4.2196389e+01
   1.6198056e+01   4.2195556e+01
   1.6202500e+01   4.2195000e+01
   1.6206944e+01   4.2194444e+01
   1.6211389e+01   4.2194167e+01
   1.6215833e+01   4.2193611e+01
   1.6220278e+01   4.2193333e+01
   1.6224722e+01   4.2193056e+01
   1.6229167e+01   4.2192778e+01
   1.6233889e+01   4.2192500e+01
   1.6238333e+01   4.2192222e+01
   1.6242778e+01   4.2192222e+01
   1.6246389e+01   4.2191389e+01
   1.6250833e+01   4.2190278e+01
   1.6255000e+01   4.2189167e+01
   1.6259167e+01   4.2188333e+01
   1.6263611e+01   4.2187222e+01
   1.6267778e+01   4.2186389e+01
   1.6272222e+01   4.2185556e+01
   1.6276667e+01   4.2184722e+01
   1.6281111e+01   4.2183889e+01
   1.6285278e+01   4.2183333e+01
   1.6289722e+01   4.2182500e+01
   1.6294167e+01   4.2181944e+01
   1.6298611e+01   4.2181389e+01
   1.6303056e+01   4.2181111e+01
   1.6307500e+01   4.2180556e+01
   1.6311944e+01   4.2180278e+01
   1.6316389e+01   4.2180000e+01
   1.6321111e+01   4.2179722e+01
   1.6325556e+01   4.2179444e+01
   1.6330000e+01   4.2179444e+01
   1.6334444e+01   4.2179167e+01
   1.6338889e+01   4.2179167e+01
   1.6343333e+01   4.2179167e+01
   1.6348056e+01   4.2179444e+01
   1.6352500e+01   4.2179444e+01
   1.6356944e+01   4.2179722e+01
   1.6361389e+01   4.2180000e+01
   1.6365833e+01   4.2180278e+01
   1.6370278e+01   4.2180556e+01
   1.6374722e+01   4.2181111e+01
   1.6379167e+01   4.2181389e+01
   1.6383611e+01   4.2181944e+01
   1.6388056e+01   4.2182500e+01
   1.6392500e+01   4.2183333e+01
   1.6396944e+01   4.2183889e+01
   1.6401389e+01   4.2184722e+01
   1.6405556e+01   4.2185556e+01
   1.6410000e+01   4.2186389e+01
   1.6414167e+01   4.2187222e+01
   1.6418611e+01   4.2188056e+01
   1.6422778e+01   4.2189167e+01
   1.6427222e+01   4.2190278e+01
   1.6431389e+01   4.2191389e+01
   1.6435556e+01   4.2192500e+01
   1.6439722e+01   4.2193889e+01
   1.6443889e+01   4.2195000e+01
   1.6448056e+01   4.2196389e+01
   1.6452222e+01   4.2197778e+01
   1.6456111e+01   4.2199167e+01
   1.6460278e+01   4.2200556e+01
   1.6464167e+01   4.2202222e+01
   1.6468056e+01   4.2203611e+01
   1.6472222e+01   4.2205278e+01
   1.6476111e+01   4.2206944e+01
   1.6479722e+01   4.2208611e+01
   1.6483611e+01   4.2210556e+01
   1.6487500e+01   4.2212222e+01
   1.6491111e+01   4.2214167e+01
   1.6494722e+01   4.2216111e+01
   1.6498611e+01   4.2218056e+01
   1.6502222e+01   4.2220000e+01
   1.6505556e+01   4.2221944e+01
   1.6509167e+01   4.2224167e+01
   1.6512500e+01   4.2226389e+01
   1.6516111e+01   4.2228333e+01
   1.6519444e+01   4.2230556e+01
   1.6522778e+01   4.2232778e+01
   1.6526111e+01   4.2235278e+01
   1.6529167e+01   4.2237500e+01
   1.6532500e+01   4.2240000e+01
   1.6535556e+01   4.2242222e+01
   1.6538611e+01   4.2244722e+01
   1.6541667e+01   4.2247222e+01
   1.6544444e+01   4.2249722e+01
   1.6547500e+01   4.2252222e+01
   1.6550278e+01   4.2255000e+01
   1.6553056e+01   4.2257500e+01
   1.6555556e+01   4.2260278e+01
   1.6558333e+01   4.2262778e+01
   1.6560833e+01   4.2265556e+01
   1.6563333e+01   4.2268333e+01
   1.6565833e+01   4.2271111e+01
   1.6568333e+01   4.2273889e+01
   1.6570556e+01   4.2276667e+01
   1.6573056e+01   4.2279722e+01
   1.6618333e+01   4.2266667e+01
   1.6946667e+01   4.2116667e+01
   1.7216667e+01   4.1991667e+01
   1.7311667e+01   4.1913333e+01
   1.7616667e+01   4.1836667e+01
   1.8000000e+01   4.1641667e+01
   1.8018299e+01   4.1629702e+01
   1.8216667e+01   4.1500000e+01
   1.8242160e+01   4.1485035e+01
   1.8321493e+01   4.1441751e+01
   1.8346670e+01   4.1412986e+01
   1.8360961e+01   4.1396686e+01
   1.8404623e+01   4.1346843e+01
   1.8424449e+01   4.1324084e+01
   1.8448180e+01   4.1296846e+01
   1.8461944e+01   4.1277500e+01
   1.8542778e+01   4.1193611e+01
   1.8576944e+01   4.1133611e+01
   1.8595000e+01   4.1108056e+01
   1.8658611e+01   4.0917500e+01
   1.8659444e+01   4.0885000e+01
   1.8671111e+01   4.0847222e+01
   1.8711111e+01   4.0733056e+01
   1.8739722e+01   4.0669444e+01
   1.8745278e+01   4.0646111e+01
   1.8759722e+01   4.0593889e+01
   1.8795833e+01   4.0512222e+01
   1.8851389e+01   4.0388056e+01
   1.8859722e+01   4.0358333e+01
   1.8880000e+01   4.0313889e+01
   1.8951389e+01   4.0203611e+01
   1.8977222e+01   4.0131944e+01
   1.8995238e+01   4.0083580e+01
   1.8958333e+01   3.9961667e+01
   1.8935000e+01   3.9873333e+01
   1.8915000e+01   3.9816667e+01
   1.8926667e+01   3.9288333e+01
   1.8900000e+01   3.9033333e+01
   1.8731667e+01   3.8500000e+01
   1.8476667e+01   3.7866667e+01
   1.8283333e+01   3.7355000e+01
   1.8318333e+01   3.6991667e+01
   1.8320000e+01   3.6906667e+01
   1.8310000e+01   3.6750000e+01
   1.8300000e+01   3.6441667e+01
   1.8295000e+01   3.6401667e+01
   1.8261667e+01   3.6183333e+01
   1.8261667e+01   3.6150000e+01
   1.8345000e+01   3.5570000e+01
   1.8304517e+01   3.5425145e+01
   1.8206441e+01   3.5374440e+01
   1.7937436e+01   3.5247620e+01
   1.7763375e+01   3.5172604e+01
   1.7541842e+01   3.5080444e+01
   1.7497259e+01   3.5064406e+01
   1.7081206e+01   3.5254898e+01
   1.7069907e+01   3.5260058e+01
   1.7058632e+01   3.5265200e+01
   1.7047382e+01   3.5270323e+01
   1.7036157e+01   3.5275428e+01
   1.7024957e+01   3.5280515e+01
   1.7013781e+01   3.5285583e+01
   1.7002630e+01   3.5290633e+01
   1.6991504e+01   3.5295664e+01
   1.6980403e+01   3.5300677e+01
   1.6969326e+01   3.5305671e+01
   1.6176483e+01   3.5661857e+01
   1.5584817e+01   3.5931861e+01
   1.5576347e+01   3.5935696e+01
   1.5567898e+01   3.5939496e+01
   1.5559470e+01   3.5943263e+01
   1.5551063e+01   3.5946995e+01
   1.5542677e+01   3.5950693e+01
   1.5534313e+01   3.5954357e+01
   1.5525655e+01   3.5958123e+01
   1.5517623e+01   3.5961624e+01
   1.5509296e+01   3.5965228e+01
   1.5500990e+01   3.5968798e+01
   1.5051597e+01   3.6160362e+01
   1.4984462e+01   3.6189417e+01
   1.4929995e+01   3.6213595e+01
   1.4921278e+01   3.6217176e+01
   1.4897933e+01   3.6227109e+01
   1.4892573e+01   3.6229213e+01
   1.4888515e+01   3.6230877e+01
   1.4880698e+01   3.6234147e+01
   1.4872928e+01   3.6237460e+01
   1.4865189e+01   3.6240803e+01
   1.4857318e+01   3.6244023e+01
   1.4849494e+01   3.6247287e+01
   1.4841719e+01   3.6250597e+01
   1.4833781e+01   3.6254042e+01
   1.4828669e+01   3.6256086e+01
   1.4808744e+01   3.6264473e+01
   1.4801729e+01   3.6267580e+01
   1.4788805e+01   3.6272849e+01
   1.4777660e+01   3.6277636e+01
   1.4768889e+01   3.6281248e+01
   1.4761632e+01   3.6284398e+01
   1.4748985e+01   3.6289659e+01
   1.4737622e+01   3.6294642e+01
   1.4729085e+01   3.6298077e+01
   1.4709210e+01   3.6306519e+01
   1.4705564e+01   3.6308153e+01
   1.4689228e+01   3.6314864e+01
   1.4673512e+01   3.6321684e+01
   1.4669371e+01   3.6323327e+01
   1.4649418e+01   3.6331702e+01
   1.4641466e+01   3.6335229e+01
   1.4629679e+01   3.6340007e+01
   1.4625229e+01   3.6341911e+01
   1.4609400e+01   3.6348703e+01
   1.4558326e+01   3.6368655e+01
   1.4541795e+01   3.6375067e+01
   1.4524491e+01   3.6381760e+01
   1.4518953e+01   3.6383833e+01
   1.4505140e+01   3.6388995e+01
   1.4487857e+01   3.6395446e+01
   1.4482584e+01   3.6397447e+01
   1.4477310e+01   3.6399446e+01
   1.4470383e+01   3.6401983e+01
   1.4466672e+01   3.6403278e+01
   1.4461341e+01   3.6405171e+01
   1.4456025e+01   3.6407092e+01
   1.4450715e+01   3.6409025e+01
   1.4445376e+01   3.6410904e+01
   1.4440052e+01   3.6412810e+01
   1.4432804e+01   3.6415463e+01
   1.4413926e+01   3.6422043e+01
   1.4394854e+01   3.6428279e+01
   1.4386636e+01   3.6430793e+01
   1.4323886e+01   3.6444841e+01
   1.4283175e+01   3.6454551e+01
   1.4246967e+01   3.6463143e+01
   1.4235142e+01   3.6466006e+01
   1.4202216e+01   3.6473963e+01
   1.4152706e+01   3.6486318e+01
   1.4147240e+01   3.6487372e+01
   1.4127658e+01   3.6490067e+01
   1.4074504e+01   3.6497856e+01
   1.4062438e+01   3.6499089e+01
   1.4005151e+01   3.6505814e+01
   1.3930938e+01   3.6510937e+01
   1.3873373e+01   3.6512309e+01
   1.3834356e+01   3.6512400e+01
   1.3774873e+01   3.6511300e+01
   1.3693011e+01   3.6506537e+01
   1.3608590e+01   3.6498474e+01
   1.3521605e+01   3.6487107e+01
   1.3455468e+01   3.6476269e+01
   1.3444623e+01   3.6473879e+01
   1.3428537e+01   3.6470235e+01
   1.3416969e+01   3.6467544e+01
   1.3447240e+01   3.6337132e+01
   1.3472820e+01   3.6228213e+01
   1.3486609e+01   3.6168545e+01
   1.3495980e+01   3.6128026e+01
   1.3500372e+01   3.6109055e+01
   1.3507400e+01   3.6078734e+01
   1.3520815e+01   3.6020920e+01
   1.3522547e+01   3.6013135e+01
   1.3531628e+01   3.5965719e+01
   1.3543249e+01   3.5909302e+01
   1.3552928e+01   3.5862001e+01
   1.3579013e+01   3.5734781e+01
   1.3580213e+01   3.5728938e+01
   1.3601451e+01   3.5626487e+01
   1.3604174e+01   3.5610684e+01
   1.3607416e+01   3.5589691e+01
   1.3610324e+01   3.5568479e+01
   1.3612896e+01   3.5547049e+01
   1.3615133e+01   3.5525400e+01
   1.3617034e+01   3.5503531e+01
   1.3618600e+01   3.5481443e+01
   1.3618877e+01   3.5476424e+01
   1.3618838e+01   3.5472450e+01
   1.3618624e+01   3.5460760e+01
   1.3618310e+01   3.5449020e+01
   1.3617898e+01   3.5437228e+01
   1.3617386e+01   3.5425386e+01
   1.3616775e+01   3.5413493e+01
   1.3616064e+01   3.5401549e+01
   1.3613054e+01   3.5356937e+01
   1.3608234e+01   3.5283512e+01
   1.3610000e+01   3.5250000e+01
   1.3191667e+01   3.5660000e+01
   1.3095833e+01   3.5725833e+01
   1.3093056e+01   3.5722778e+01
   1.3090278e+01   3.5720000e+01
   1.3087500e+01   3.5716944e+01
   1.3084722e+01   3.5714167e+01
   1.3081944e+01   3.5711389e+01
   1.3078889e+01   3.5708611e+01
   1.3075833e+01   3.5705833e+01
   1.3072778e+01   3.5703333e+01
   1.3069722e+01   3.5700556e+01
   1.3066389e+01   3.5698056e+01
   1.3063333e+01   3.5695556e+01
   1.3060000e+01   3.5693056e+01
   1.3056667e+01   3.5690556e+01
   1.3053333e+01   3.5688056e+01
   1.3049722e+01   3.5685833e+01
   1.3046389e+01   3.5683333e+01
   1.3042778e+01   3.5681111e+01
   1.3039167e+01   3.5678889e+01
   1.3035556e+01   3.5676667e+01
   1.3031944e+01   3.5674722e+01
   1.3028333e+01   3.5672500e+01
   1.3024722e+01   3.5670556e+01
   1.3020833e+01   3.5668611e+01
   1.3016944e+01   3.5666667e+01
   1.3013056e+01   3.5664722e+01
   1.3009167e+01   3.5662778e+01
   1.3005278e+01   3.5661111e+01
   1.3001389e+01   3.5659444e+01
   1.2997500e+01   3.5657778e+01
   1.2993333e+01   3.5656111e+01
   1.2989167e+01   3.5654444e+01
   1.2985278e+01   3.5653056e+01
   1.2981111e+01   3.5651389e+01
   1.2976944e+01   3.5650000e+01
   1.2972778e+01   3.5648611e+01
   1.2968611e+01   3.5647500e+01
   1.2964444e+01   3.5646111e+01
   1.2960000e+01   3.5645000e+01
   1.2955833e+01   3.5643889e+01
   1.2951389e+01   3.5642778e+01
   1.2947222e+01   3.5641667e+01
   1.2942778e+01   3.5640833e+01
   1.2938611e+01   3.5640000e+01
   1.2934167e+01   3.5639167e+01
   1.2929722e+01   3.5638333e+01
   1.2925278e+01   3.5637500e+01
   1.2920833e+01   3.5636944e+01
   1.2916389e+01   3.5636389e+01
   1.2911944e+01   3.5635833e+01
   1.2907500e+01   3.5635278e+01
   1.2903056e+01   3.5635000e+01
   1.2898611e+01   3.5634444e+01
   1.2894167e+01   3.5634167e+01
   1.2889722e+01   3.5633889e+01
   1.2885278e+01   3.5633889e+01
   1.2880833e+01   3.5633611e+01
   1.2876111e+01   3.5633611e+01
   1.2871667e+01   3.5633611e+01
   1.2867222e+01   3.5633611e+01
   1.2862778e+01   3.5633889e+01
   1.2857222e+01   3.5633611e+01
   1.2852778e+01   3.5633611e+01
   1.2848611e+01   3.5633333e+01
   1.2850278e+01   3.5629722e+01
   1.2852222e+01   3.5626111e+01
   1.2854444e+01   3.5623056e+01
   1.2856667e+01   3.5619722e+01
   1.2858889e+01   3.5616667e+01
   1.2861111e+01   3.5613333e+01
   1.2863333e+01   3.5610278e+01
   1.2865278e+01   3.5606944e+01
   1.2867222e+01   3.5603611e+01
   1.2869167e+01   3.5600278e+01
   1.2871111e+01   3.5596944e+01
   1.2872778e+01   3.5593611e+01
   1.2874722e+01   3.5590278e+01
   1.2876389e+01   3.5586944e+01
   1.2877778e+01   3.5583333e+01
   1.2879444e+01   3.5580000e+01
   1.2880833e+01   3.5576389e+01
   1.2882222e+01   3.5573056e+01
   1.2883611e+01   3.5569444e+01
   1.2885000e+01   3.5566111e+01
   1.2886111e+01   3.5562500e+01
   1.2887222e+01   3.5558889e+01
   1.2888333e+01   3.5555278e+01
   1.2889444e+01   3.5551667e+01
   1.2890278e+01   3.5548056e+01
   1.2891111e+01   3.5544444e+01
   1.2891944e+01   3.5540833e+01
   1.2892500e+01   3.5537222e+01
   1.2893333e+01   3.5533611e+01
   1.2893889e+01   3.5530000e+01
   1.2894167e+01   3.5526389e+01
   1.2894722e+01   3.5522778e+01
   1.2895000e+01   3.5519167e+01
   1.2895278e+01   3.5515556e+01
   1.2895556e+01   3.5511667e+01
   1.2895833e+01   3.5508056e+01
   1.2895833e+01   3.5504444e+01
   1.2895833e+01   3.5500833e+01
   1.2895556e+01   3.5496944e+01
   1.2895556e+01   3.5493333e+01
   1.2895278e+01   3.5489722e+01
   1.2895000e+01   3.5486111e+01
   1.2894722e+01   3.5482500e+01
   1.2894167e+01   3.5478611e+01
   1.2893611e+01   3.5475000e+01
   1.2893056e+01   3.5471389e+01
   1.2892500e+01   3.5467778e+01
   1.2891944e+01   3.5464167e+01
   1.2891111e+01   3.5460556e+01
   1.2890278e+01   3.5456944e+01
   1.2889167e+01   3.5453333e+01
   1.2888333e+01   3.5449722e+01
   1.2887222e+01   3.5446111e+01
   1.2886111e+01   3.5442778e+01
   1.2884722e+01   3.5439167e+01
   1.2883611e+01   3.5435556e+01
   1.2882222e+01   3.5431944e+01
   1.2880833e+01   3.5428611e+01
   1.2879444e+01   3.5425000e+01
   1.2877778e+01   3.5421667e+01
   1.2876111e+01   3.5418333e+01
   1.2874444e+01   3.5414722e+01
   1.2872778e+01   3.5411389e+01
   1.2870833e+01   3.5408056e+01
   1.2869167e+01   3.5404722e+01
   1.2867222e+01   3.5401389e+01
   1.2865000e+01   3.5398056e+01
   1.2863056e+01   3.5394722e+01
   1.2860833e+01   3.5391667e+01
   1.2858611e+01   3.5388333e+01
   1.2856389e+01   3.5385278e+01
   1.2854167e+01   3.5381944e+01
   1.2851667e+01   3.5378889e+01
   1.2849167e+01   3.5375833e+01
   1.2846667e+01   3.5372778e+01
   1.2844167e+01   3.5369722e+01
   1.2841667e+01   3.5366944e+01
   1.2838889e+01   3.5363889e+01
   1.2836111e+01   3.5360833e+01
   1.2833333e+01   3.5358056e+01
   1.2830556e+01   3.5355278e+01
   1.2827778e+01   3.5352500e+01
   1.2824722e+01   3.5349722e+01
   1.2821667e+01   3.5346944e+01
   1.2818611e+01   3.5344167e+01
   1.2815556e+01   3.5341667e+01
   1.2812500e+01   3.5338889e+01
   1.2809167e+01   3.5336389e+01
   1.2805833e+01   3.5333889e+01
   1.2802500e+01   3.5331389e+01
   1.2799167e+01   3.5328889e+01
   1.2795833e+01   3.5326389e+01
   1.2792222e+01   3.5324167e+01
   1.2788889e+01   3.5321944e+01
   1.2785278e+01   3.5319722e+01
   1.2781667e+01   3.5317500e+01
   1.2778056e+01   3.5315278e+01
   1.2774444e+01   3.5313056e+01
   1.2770833e+01   3.5311111e+01
   1.2766944e+01   3.5308889e+01
   1.2763056e+01   3.5306944e+01
   1.2759444e+01   3.5305000e+01
   1.2755556e+01   3.5303333e+01
   1.2751667e+01   3.5301389e+01
   1.2747500e+01   3.5299722e+01
   1.2743611e+01   3.5298056e+01
   1.2739722e+01   3.5296389e+01
   1.2735556e+01   3.5294722e+01
   1.2731667e+01   3.5293056e+01
   1.2727500e+01   3.5291667e+01
   1.2723333e+01   3.5290000e+01
   1.2719167e+01   3.5288611e+01
   1.2715000e+01   3.5287500e+01
   1.2710833e+01   3.5286111e+01
   1.2706667e+01   3.5284722e+01
   1.2702222e+01   3.5283611e+01
   1.2698056e+01   3.5282500e+01
   1.2693611e+01   3.5281389e+01
   1.2689444e+01   3.5280556e+01
   1.2685000e+01   3.5279444e+01
   1.2680833e+01   3.5278611e+01
   1.2676389e+01   3.5277778e+01
   1.2671944e+01   3.5276944e+01
   1.2667500e+01   3.5276111e+01
   1.2663056e+01   3.5275556e+01
   1.2658611e+01   3.5275000e+01
   1.2654167e+01   3.5274444e+01
   1.2649722e+01   3.5273889e+01
   1.2645278e+01   3.5273333e+01
   1.2640833e+01   3.5273056e+01
   1.2636389e+01   3.5272778e+01
   1.2631944e+01   3.5272500e+01
   1.2627500e+01   3.5272222e+01
   1.2623056e+01   3.5272222e+01
   1.2618333e+01   3.5271944e+01
   1.2613889e+01   3.5271944e+01
   1.2609444e+01   3.5271944e+01
   1.2605000e+01   3.5272222e+01
   1.2600556e+01   3.5272222e+01
   1.2596111e+01   3.5272500e+01
   1.2591389e+01   3.5272778e+01
   1.2586944e+01   3.5273056e+01
   1.2582500e+01   3.5273611e+01
   1.2578056e+01   3.5273889e+01
   1.2573611e+01   3.5274444e+01
   1.2569167e+01   3.5275000e+01
   1.2564722e+01   3.5275556e+01
   1.2560278e+01   3.5276389e+01
   1.2556111e+01   3.5276944e+01
   1.2551667e+01   3.5277778e+01
   1.2547222e+01   3.5278611e+01
   1.2542778e+01   3.5279444e+01
   1.2538611e+01   3.5280556e+01
   1.2534167e+01   3.5281389e+01
   1.2530000e+01   3.5282500e+01
   1.2525556e+01   3.5283611e+01
   1.2521389e+01   3.5285000e+01
   1.2517222e+01   3.5286111e+01
   1.2513056e+01   3.5287500e+01
   1.2508889e+01   3.5288889e+01
   1.2504722e+01   3.5290278e+01
   1.2500556e+01   3.5291667e+01
   1.2496389e+01   3.5293056e+01
   1.2492222e+01   3.5294722e+01
   1.2486389e+01   3.5296667e+01
   1.2481944e+01   3.5297222e+01
   1.2477778e+01   3.5298056e+01
   1.2473333e+01   3.5298889e+01
   1.2468889e+01   3.5299722e+01
   1.2464444e+01   3.5300556e+01
   1.2460278e+01   3.5301389e+01
   1.2455833e+01   3.5302500e+01
   1.2451667e+01   3.5303611e+01
   1.2447500e+01   3.5304722e+01
   1.2443056e+01   3.5306111e+01
   1.2438889e+01   3.5307222e+01
   1.2434722e+01   3.5308611e+01
   1.2430556e+01   3.5310000e+01
   1.2426389e+01   3.5311389e+01
   1.2422222e+01   3.5313056e+01
   1.2418333e+01   3.5314444e+01
   1.2414167e+01   3.5316111e+01
   1.2410278e+01   3.5317778e+01
   1.2406389e+01   3.5319444e+01
   1.2402500e+01   3.5321389e+01
   1.2398611e+01   3.5323333e+01
   1.2394722e+01   3.5325000e+01
   1.2390833e+01   3.5326944e+01
   1.2386944e+01   3.5329167e+01
   1.2383333e+01   3.5331111e+01
   1.2379722e+01   3.5333333e+01
   1.2376111e+01   3.5335556e+01
   1.2372500e+01   3.5337778e+01
   1.2368889e+01   3.5340000e+01
   1.2365556e+01   3.5342222e+01
   1.2361944e+01   3.5344722e+01
   1.2358611e+01   3.5346944e+01
   1.2355278e+01   3.5349444e+01
   1.2352222e+01   3.5352222e+01
   1.2347778e+01   3.5351667e+01
   1.2343333e+01   3.5351111e+01
   1.2338889e+01   3.5350833e+01
   1.2334444e+01   3.5350556e+01
   1.2330000e+01   3.5350278e+01
   1.2325556e+01   3.5350000e+01
   1.2321111e+01   3.5349722e+01
   1.2316667e+01   3.5349722e+01
   1.2311944e+01   3.5349722e+01
   1.2307500e+01   3.5349722e+01
   1.2303056e+01   3.5350000e+01
   1.2298611e+01   3.5350278e+01
   1.2294167e+01   3.5350556e+01
   1.2289722e+01   3.5350833e+01
   1.2285278e+01   3.5351111e+01
   1.2280833e+01   3.5351667e+01
   1.2276389e+01   3.5352222e+01
   1.2271944e+01   3.5352778e+01
   1.2267500e+01   3.5353333e+01
   1.2263056e+01   3.5354167e+01
   1.2258611e+01   3.5355000e+01
   1.2254167e+01   3.5355833e+01
   1.2250000e+01   3.5356667e+01
   1.2245556e+01   3.5357778e+01
   1.2241389e+01   3.5358889e+01
   1.2236944e+01   3.5360000e+01
   1.2232778e+01   3.5361111e+01
   1.2228611e+01   3.5362222e+01
   1.2224444e+01   3.5363611e+01
   1.2220278e+01   3.5365000e+01
   1.2216111e+01   3.5366389e+01
   1.2211944e+01   3.5368056e+01
   1.2207778e+01   3.5369444e+01
   1.2203889e+01   3.5371111e+01
   1.2200000e+01   3.5372778e+01
   1.2195833e+01   3.5374444e+01
   1.2191944e+01   3.5376389e+01
   1.2188056e+01   3.5378333e+01
   1.2184167e+01   3.5380278e+01
   1.2180556e+01   3.5382222e+01
   1.2176667e+01   3.5384167e+01
   1.2173056e+01   3.5386111e+01
   1.2169444e+01   3.5388333e+01
   1.2165833e+01   3.5390556e+01
   1.2162222e+01   3.5392778e+01
   1.2158611e+01   3.5395278e+01
   1.2155278e+01   3.5397500e+01
   1.2151944e+01   3.5400000e+01
   1.2148611e+01   3.5402222e+01
   1.2145278e+01   3.5405000e+01
   1.2141944e+01   3.5407500e+01
   1.2138889e+01   3.5410000e+01
   1.2135833e+01   3.5412778e+01
   1.2132778e+01   3.5415278e+01
   1.2129722e+01   3.5418056e+01
   1.2126667e+01   3.5420833e+01
   1.2123889e+01   3.5423611e+01
   1.2121111e+01   3.5426667e+01
   1.2118333e+01   3.5429444e+01
   1.2115556e+01   3.5432500e+01
   1.2113056e+01   3.5435556e+01
   1.2110556e+01   3.5438611e+01
   1.2108056e+01   3.5441667e+01
   1.2105556e+01   3.5444722e+01
   1.2103333e+01   3.5447778e+01
   1.2101111e+01   3.5451111e+01
   1.2098889e+01   3.5454167e+01
   1.2096667e+01   3.5457500e+01
   1.2094722e+01   3.5460833e+01
   1.2092778e+01   3.5463889e+01
   1.2090833e+01   3.5467222e+01
   1.2089167e+01   3.5470833e+01
   1.2087222e+01   3.5474167e+01
   1.2085556e+01   3.5477500e+01
   1.2083889e+01   3.5480833e+01
   1.2082500e+01   3.5484444e+01
   1.2081111e+01   3.5487778e+01
   1.2079722e+01   3.5491389e+01
   1.2078333e+01   3.5495000e+01
   1.2077222e+01   3.5498333e+01
   1.2076111e+01   3.5501944e+01
   1.2075000e+01   3.5505556e+01
   1.2074167e+01   3.5509167e+01
   1.2073333e+01   3.5512778e+01
   1.2072500e+01   3.5516389e+01
   1.2071667e+01   3.5520000e+01
   1.2071111e+01   3.5523611e+01
   1.2070556e+01   3.5527222e+01
   1.2070000e+01   3.5530833e+01
   1.2069722e+01   3.5534444e+01
   1.2069444e+01   3.5538333e+01
   1.2069167e+01   3.5541944e+01
   1.2068889e+01   3.5545556e+01
   1.2068889e+01   3.5549167e+01
   1.2068889e+01   3.5552778e+01
   1.2068889e+01   3.5556667e+01
   1.2069167e+01   3.5560278e+01
   1.2069444e+01   3.5563889e+01
   1.2069722e+01   3.5567500e+01
   1.2070278e+01   3.5571111e+01
   1.2070833e+01   3.5575000e+01
   1.2071389e+01   3.5578611e+01
   1.2071944e+01   3.5582222e+01
   1.2072778e+01   3.5585833e+01
   1.2073611e+01   3.5589444e+01
   1.2074444e+01   3.5593056e+01
   1.2075556e+01   3.5596389e+01
   1.2076667e+01   3.5600000e+01
   1.2077778e+01   3.5603611e+01
   1.2078889e+01   3.5607222e+01
   1.2080278e+01   3.5610556e+01
   1.2081667e+01   3.5614167e+01
   1.2083056e+01   3.5617500e+01
   1.2084722e+01   3.5621111e+01
   1.2086389e+01   3.5624444e+01
   1.2088056e+01   3.5627778e+01
   1.2089722e+01   3.5631111e+01
   1.2091667e+01   3.5634444e+01
   1.2093611e+01   3.5637778e+01
   1.2095556e+01   3.5641111e+01
   1.2097778e+01   3.5644444e+01
   1.2099722e+01   3.5647500e+01
   1.2101944e+01   3.5650833e+01
   1.2104167e+01   3.5653889e+01
   1.2106667e+01   3.5657222e+01
   1.2109167e+01   3.5660278e+01
   1.2111667e+01   3.5663333e+01
   1.2114167e+01   3.5666111e+01
   1.2116667e+01   3.5669167e+01
   1.2119444e+01   3.5672222e+01
   1.2122222e+01   3.5675000e+01
   1.2125000e+01   3.5677778e+01
   1.2128056e+01   3.5680556e+01
   1.2130833e+01   3.5683333e+01
   1.2133889e+01   3.5686111e+01
   1.2136944e+01   3.5688889e+01
   1.2140278e+01   3.5691389e+01
   1.2143333e+01   3.5693889e+01
   1.2146667e+01   3.5696389e+01
   1.2150000e+01   3.5698889e+01
   1.2153333e+01   3.5701389e+01
   1.2156667e+01   3.5703889e+01
   1.2160278e+01   3.5706111e+01
   1.2163611e+01   3.5708333e+01
   1.2167222e+01   3.5710556e+01
   1.2170833e+01   3.5712778e+01
   1.2174722e+01   3.5715000e+01
   1.2178333e+01   3.5716944e+01
   1.2181944e+01   3.5718889e+01
   1.2185833e+01   3.5720833e+01
   1.2189722e+01   3.5722778e+01
   1.2193611e+01   3.5724722e+01
   1.2197500e+01   3.5726389e+01
   1.2201667e+01   3.5728056e+01
   1.2205556e+01   3.5729722e+01
   1.2209722e+01   3.5731389e+01
   1.2213611e+01   3.5732778e+01
   1.2217778e+01   3.5734444e+01
   1.2221944e+01   3.5735833e+01
   1.2226111e+01   3.5736944e+01
   1.2230278e+01   3.5738333e+01
   1.2234444e+01   3.5739444e+01
   1.2238889e+01   3.5740833e+01
   1.2243056e+01   3.5741944e+01
   1.2247500e+01   3.5742778e+01
   1.2251667e+01   3.5743889e+01
   1.2256111e+01   3.5744722e+01
   1.2260556e+01   3.5745556e+01
   1.2265000e+01   3.5746389e+01
   1.2269167e+01   3.5746944e+01
   1.2273611e+01   3.5747500e+01
   1.2278056e+01   3.5748056e+01
   1.2282500e+01   3.5748611e+01
   1.2286944e+01   3.5749167e+01
   1.2291389e+01   3.5749444e+01
   1.2296111e+01   3.5749722e+01
   1.2300556e+01   3.5750000e+01
   1.2305000e+01   3.5750278e+01
   1.2309444e+01   3.5750278e+01
   1.2317778e+01   3.5750278e+01
   1.2322222e+01   3.5750278e+01
   1.2326667e+01   3.5750000e+01
   1.2331111e+01   3.5749722e+01
   1.2335556e+01   3.5749444e+01
   1.2340000e+01   3.5749167e+01
   1.2344444e+01   3.5748889e+01
   1.2348889e+01   3.5748333e+01
   1.2353333e+01   3.5747778e+01
   1.2357778e+01   3.5747222e+01
   1.2362222e+01   3.5746389e+01
   1.2366667e+01   3.5745556e+01
   1.2371111e+01   3.5744722e+01
   1.2375556e+01   3.5743889e+01
   1.2379722e+01   3.5743056e+01
   1.2384167e+01   3.5741944e+01
   1.2388333e+01   3.5740833e+01
   1.2392778e+01   3.5739722e+01
   1.2396944e+01   3.5738611e+01
   1.2401111e+01   3.5737222e+01
   1.2405278e+01   3.5735833e+01
   1.2409444e+01   3.5734444e+01
   1.2413611e+01   3.5733056e+01
   1.2417500e+01   3.5731667e+01
   1.2421667e+01   3.5730000e+01
   1.2425833e+01   3.5728333e+01
   1.2429722e+01   3.5730556e+01
   1.2433889e+01   3.5731667e+01
   1.2438333e+01   3.5732500e+01
   1.2442778e+01   3.5733611e+01
   1.2446944e+01   3.5734444e+01
   1.2451389e+01   3.5735000e+01
   1.2455833e+01   3.5735833e+01
   1.2460278e+01   3.5736389e+01
   1.2464722e+01   3.5736944e+01
   1.2469167e+01   3.5737500e+01
   1.2473611e+01   3.5738056e+01
   1.2478056e+01   3.5738611e+01
   1.2482500e+01   3.5739167e+01
   1.2486944e+01   3.5739444e+01
   1.2491389e+01   3.5740000e+01
   1.2495833e+01   3.5740278e+01
   1.2500278e+01   3.5740833e+01
   1.2504722e+01   3.5741111e+01
   1.2509167e+01   3.5741389e+01
   1.2513889e+01   3.5741667e+01
   1.2518889e+01   3.5742222e+01
   1.2525556e+01   3.5742778e+01
   1.2530556e+01   3.5742778e+01
   1.2535000e+01   3.5743056e+01
   1.2539444e+01   3.5743333e+01
   1.2544167e+01   3.5743333e+01
   1.2548611e+01   3.5743611e+01
   1.2553056e+01   3.5743611e+01
   1.2557500e+01   3.5743889e+01
   1.2561944e+01   3.5743889e+01
   1.2566389e+01   3.5743889e+01
   1.2571111e+01   3.5743889e+01
   1.2575556e+01   3.5743889e+01
   1.2580000e+01   3.5743889e+01
   1.2584444e+01   3.5743889e+01
   1.2588889e+01   3.5743889e+01
   1.2593333e+01   3.5743611e+01
   1.2597778e+01   3.5743611e+01
   1.2602500e+01   3.5743333e+01
   1.2606944e+01   3.5743056e+01
   1.2611389e+01   3.5742500e+01
   1.2615833e+01   3.5741944e+01
   1.2620278e+01   3.5741111e+01
   1.2625556e+01   3.5738611e+01
   1.2623056e+01   3.5741667e+01
   1.2620556e+01   3.5744722e+01
   1.2618056e+01   3.5747778e+01
   1.2615556e+01   3.5750833e+01
   1.2613333e+01   3.5754167e+01
   1.2611111e+01   3.5757222e+01
   1.2608889e+01   3.5760278e+01
   1.2606667e+01   3.5763611e+01
   1.2604722e+01   3.5766944e+01
   1.2602500e+01   3.5770000e+01
   1.2600556e+01   3.5773333e+01
   1.2598889e+01   3.5776667e+01
   1.2596944e+01   3.5780000e+01
   1.2595278e+01   3.5783333e+01
   1.2593611e+01   3.5786944e+01
   1.2591944e+01   3.5790278e+01
   1.2590278e+01   3.5793611e+01
   1.2588889e+01   3.5797222e+01
   1.2587500e+01   3.5800556e+01
   1.2586111e+01   3.5804167e+01
   1.2585000e+01   3.5807500e+01
   1.2583611e+01   3.5811111e+01
   1.2582500e+01   3.5814722e+01
   1.2581389e+01   3.5818333e+01
   1.2580556e+01   3.5821944e+01
   1.2579444e+01   3.5825278e+01
   1.2578611e+01   3.5828889e+01
   1.2577778e+01   3.5832500e+01
   1.2577222e+01   3.5836111e+01
   1.2576389e+01   3.5839722e+01
   1.2575833e+01   3.5843333e+01
   1.2575556e+01   3.5846944e+01
   1.2575000e+01   3.5850833e+01
   1.2574722e+01   3.5854444e+01
   1.2574444e+01   3.5858056e+01
   1.2574167e+01   3.5861667e+01
   1.2573889e+01   3.5865278e+01
   1.2573889e+01   3.5868889e+01
   1.2573889e+01   3.5872500e+01
   1.2573889e+01   3.5876389e+01
   1.2574167e+01   3.5880000e+01
   1.2574444e+01   3.5883611e+01
   1.2574722e+01   3.5887222e+01
   1.2575000e+01   3.5890833e+01
   1.2575278e+01   3.5894444e+01
   1.2575833e+01   3.5898056e+01
   1.2576389e+01   3.5901667e+01
   1.2576944e+01   3.5905278e+01
   1.2577778e+01   3.5908889e+01
   1.2578611e+01   3.5912500e+01
   1.2579444e+01   3.5916111e+01
   1.2580278e+01   3.5919722e+01
   1.2581389e+01   3.5923333e+01
   1.2582500e+01   3.5926944e+01
   1.2583611e+01   3.5930278e+01
   1.2584722e+01   3.5933889e+01
   1.2586111e+01   3.5937500e+01
   1.2587222e+01   3.5940833e+01
   1.2588611e+01   3.5944444e+01
   1.2590278e+01   3.5947778e+01
   1.2591667e+01   3.5951389e+01
   1.2593333e+01   3.5954722e+01
   1.2595000e+01   3.5958056e+01
   1.2596667e+01   3.5961389e+01
   1.2598611e+01   3.5964722e+01
   1.2600556e+01   3.5968056e+01
   1.2602500e+01   3.5971389e+01
   1.2604444e+01   3.5974722e+01
   1.2606389e+01   3.5977778e+01
   1.2608611e+01   3.5981111e+01
   1.2610833e+01   3.5984444e+01
   1.2613056e+01   3.5987500e+01
   1.2615278e+01   3.5990556e+01
   1.2617778e+01   3.5993611e+01
   1.2620278e+01   3.5996667e+01
   1.2622778e+01   3.5999722e+01
   1.2625278e+01   3.6002778e+01
   1.2627778e+01   3.6005833e+01
   1.2630556e+01   3.6008611e+01
   1.2633333e+01   3.6011667e+01
   1.2636111e+01   3.6014444e+01
   1.2638889e+01   3.6017222e+01
   1.2641667e+01   3.6020000e+01
   1.2644722e+01   3.6022778e+01
   1.2647778e+01   3.6025556e+01
   1.2650833e+01   3.6028333e+01
   1.2653889e+01   3.6030833e+01
   1.2656944e+01   3.6033333e+01
   1.2660278e+01   3.6036111e+01
   1.2663611e+01   3.6038611e+01
   1.2666944e+01   3.6040833e+01
   1.2670278e+01   3.6043333e+01
   1.2673611e+01   3.6045833e+01
   1.2676944e+01   3.6048056e+01
   1.2680556e+01   3.6050278e+01
   1.2684167e+01   3.6052500e+01
   1.2687778e+01   3.6054722e+01
   1.2691389e+01   3.6056944e+01
   1.2695000e+01   3.6059167e+01
   1.2635000e+01   3.6145000e+01
   1.2540000e+01   3.6253333e+01
   1.2503333e+01   3.6361667e+01
   1.2490000e+01   3.6383333e+01
   1.2353333e+01   3.6583333e+01
   1.2295833e+01   3.6662778e+01
   1.2291389e+01   3.6646667e+01
   1.2289444e+01   3.6643611e+01
   1.2286944e+01   3.6640556e+01
   1.2284722e+01   3.6637222e+01
   1.2282500e+01   3.6634167e+01
   1.2280000e+01   3.6631111e+01
   1.2277500e+01   3.6628056e+01
   1.2275000e+01   3.6625000e+01
   1.2272500e+01   3.6622222e+01
   1.2270000e+01   3.6619167e+01
   1.2267222e+01   3.6616389e+01
   1.2264722e+01   3.6613333e+01
   1.2261944e+01   3.6610556e+01
   1.2259167e+01   3.6607778e+01
   1.2256111e+01   3.6605000e+01
   1.2253333e+01   3.6602222e+01
   1.2250278e+01   3.6599444e+01
   1.2247500e+01   3.6596667e+01
   1.2244444e+01   3.6594167e+01
   1.2241389e+01   3.6591389e+01
   1.2238056e+01   3.6588889e+01
   1.2235000e+01   3.6586111e+01
   1.2231667e+01   3.6583611e+01
   1.2228333e+01   3.6581111e+01
   1.2225278e+01   3.6578889e+01
   1.2221667e+01   3.6576389e+01
   1.2218333e+01   3.6573889e+01
   1.2215000e+01   3.6571667e+01
   1.2211389e+01   3.6569444e+01
   1.2208056e+01   3.6567222e+01
   1.2204444e+01   3.6565000e+01
   1.2200833e+01   3.6562778e+01
   1.2197222e+01   3.6560556e+01
   1.2193611e+01   3.6558611e+01
   1.2189722e+01   3.6556389e+01
   1.2186111e+01   3.6554444e+01
   1.2182222e+01   3.6552500e+01
   1.2178611e+01   3.6550556e+01
   1.2174722e+01   3.6548611e+01
   1.2170833e+01   3.6546944e+01
   1.2166944e+01   3.6545000e+01
   1.2163056e+01   3.6543333e+01
   1.2158889e+01   3.6541667e+01
   1.2155000e+01   3.6540000e+01
   1.2151111e+01   3.6538333e+01
   1.2146944e+01   3.6536667e+01
   1.2142778e+01   3.6535278e+01
   1.2138889e+01   3.6533611e+01
   1.2134722e+01   3.6532222e+01
   1.2130556e+01   3.6530833e+01
   1.2126389e+01   3.6529444e+01
   1.2122222e+01   3.6528333e+01
   1.2117778e+01   3.6526944e+01
   1.2113611e+01   3.6525833e+01
   1.2109444e+01   3.6524722e+01
   1.2105000e+01   3.6523611e+01
   1.2100833e+01   3.6522500e+01
   1.2096389e+01   3.6521667e+01
   1.2092222e+01   3.6520556e+01
   1.2087778e+01   3.6519722e+01
   1.2083333e+01   3.6518889e+01
   1.2079167e+01   3.6518056e+01
   1.2074722e+01   3.6517222e+01
   1.2070278e+01   3.6516667e+01
   1.2065833e+01   3.6515833e+01
   1.2061389e+01   3.6515278e+01
   1.2056944e+01   3.6514722e+01
   1.2052500e+01   3.6514167e+01
   1.2048056e+01   3.6513889e+01
   1.2043611e+01   3.6513333e+01
   1.2039167e+01   3.6513056e+01
   1.2034722e+01   3.6512778e+01
   1.2030278e+01   3.6512500e+01
   1.2025833e+01   3.6512222e+01
   1.2021111e+01   3.6512222e+01
   1.2016667e+01   3.6512222e+01
   1.2012222e+01   3.6511944e+01
   1.2007778e+01   3.6511944e+01
   1.2003333e+01   3.6512222e+01
   1.1998889e+01   3.6512222e+01
   1.1994167e+01   3.6512500e+01
   1.1989722e+01   3.6512500e+01
   1.1985278e+01   3.6512778e+01
   1.1980833e+01   3.6513056e+01
   1.1976389e+01   3.6513611e+01
   1.1971944e+01   3.6513889e+01
   1.1967500e+01   3.6514444e+01
   1.1963056e+01   3.6515000e+01
   1.1958611e+01   3.6515556e+01
   1.1954167e+01   3.6516111e+01
   1.1949722e+01   3.6516667e+01
   1.1945278e+01   3.6517500e+01
   1.1940833e+01   3.6518333e+01
   1.1936667e+01   3.6519167e+01
   1.1932222e+01   3.6520000e+01
   1.1927778e+01   3.6520833e+01
   1.1923611e+01   3.6521944e+01
   1.1919167e+01   3.6522778e+01
   1.1915000e+01   3.6523889e+01
   1.1910556e+01   3.6525000e+01
   1.1906389e+01   3.6526111e+01
   1.1902222e+01   3.6527222e+01
   1.1898056e+01   3.6528611e+01
   1.1893611e+01   3.6530000e+01
   1.1889444e+01   3.6531389e+01
   1.1885556e+01   3.6532778e+01
   1.1881389e+01   3.6534167e+01
   1.1877222e+01   3.6535556e+01
   1.1873056e+01   3.6537222e+01
   1.1869167e+01   3.6538611e+01
   1.1865000e+01   3.6540278e+01
   1.1861111e+01   3.6541944e+01
   1.1857222e+01   3.6543611e+01
   1.1853333e+01   3.6545556e+01
   1.1849444e+01   3.6547222e+01
   1.1845556e+01   3.6549167e+01
   1.1841667e+01   3.6551111e+01
   1.1837778e+01   3.6553056e+01
   1.1834167e+01   3.6555000e+01
   1.1830278e+01   3.6556944e+01
   1.1826667e+01   3.6558889e+01
   1.1823056e+01   3.6561111e+01
   1.1819444e+01   3.6563333e+01
   1.1815833e+01   3.6565556e+01
   1.1812222e+01   3.6567778e+01
   1.1808889e+01   3.6570000e+01
   1.1805278e+01   3.6572222e+01
   1.1801944e+01   3.6574722e+01
   1.1798611e+01   3.6576944e+01
   1.1795278e+01   3.6579444e+01
   1.1791944e+01   3.6581944e+01
   1.1788611e+01   3.6584444e+01
   1.1785278e+01   3.6586944e+01
   1.1782222e+01   3.6589444e+01
   1.1779167e+01   3.6591944e+01
   1.1776111e+01   3.6594722e+01
   1.1773056e+01   3.6597500e+01
   1.1770000e+01   3.6600000e+01
   1.1766944e+01   3.6602778e+01
   1.1764167e+01   3.6605556e+01
   1.1761389e+01   3.6608333e+01
   1.1758611e+01   3.6611389e+01
   1.1755833e+01   3.6614167e+01
   1.1753056e+01   3.6616944e+01
   1.1750556e+01   3.6620000e+01
   1.1747778e+01   3.6623056e+01
   1.1745278e+01   3.6625833e+01
   1.1742778e+01   3.6628889e+01
   1.1740556e+01   3.6631944e+01
   1.1738056e+01   3.6635000e+01
   1.1735833e+01   3.6638056e+01
   1.1733611e+01   3.6641389e+01
   1.1731389e+01   3.6644444e+01
   1.1729167e+01   3.6647500e+01
   1.1726944e+01   3.6650833e+01
   1.1725000e+01   3.6653889e+01
   1.1723056e+01   3.6657222e+01
   1.1721111e+01   3.6660556e+01
   1.1719167e+01   3.6663889e+01
   1.1717222e+01   3.6667222e+01
   1.1715556e+01   3.6670556e+01
   1.1713889e+01   3.6673889e+01
   1.1711111e+01   3.6676667e+01
   1.1708056e+01   3.6679444e+01
   1.1705278e+01   3.6682222e+01
   1.1702500e+01   3.6685000e+01
   1.1699722e+01   3.6687778e+01
   1.1697222e+01   3.6690833e+01
   1.1694444e+01   3.6693611e+01
   1.1691944e+01   3.6696667e+01
   1.1689444e+01   3.6699722e+01
   1.1687222e+01   3.6702778e+01
   1.1684722e+01   3.6705833e+01
   1.1682500e+01   3.6709167e+01
   1.1680556e+01   3.6712222e+01
   1.1678333e+01   3.6715556e+01
   1.1676389e+01   3.6718611e+01
   1.1674444e+01   3.6721944e+01
   1.1672500e+01   3.6725278e+01
   1.1670833e+01   3.6728611e+01
   1.1669167e+01   3.6731944e+01
   1.1667500e+01   3.6735278e+01
   1.1665833e+01   3.6738611e+01
   1.1664444e+01   3.6741944e+01
   1.1663056e+01   3.6745556e+01
   1.1661667e+01   3.6748889e+01
   1.1660278e+01   3.6752500e+01
   1.1659167e+01   3.6755833e+01
   1.1658056e+01   3.6759444e+01
   1.1657222e+01   3.6763056e+01
   1.1656111e+01   3.6766389e+01
   1.1655278e+01   3.6770000e+01
   1.1654722e+01   3.6773611e+01
   1.1653889e+01   3.6777222e+01
   1.1653333e+01   3.6780833e+01
   1.1652778e+01   3.6784444e+01
   1.1652500e+01   3.6787778e+01
   1.1651944e+01   3.6791389e+01
   1.1651667e+01   3.6795000e+01
   1.1651667e+01   3.6798611e+01
   1.1651389e+01   3.6802222e+01
   1.1651667e+01   3.6805833e+01
   1.1651944e+01   3.6809444e+01
   1.1652222e+01   3.6813056e+01
   1.1652778e+01   3.6816667e+01
   1.1653333e+01   3.6820000e+01
   1.1653889e+01   3.6823611e+01
   1.1654444e+01   3.6827222e+01
   1.1655278e+01   3.6830833e+01
   1.1655833e+01   3.6834444e+01
   1.1656667e+01   3.6838056e+01
   1.1657778e+01   3.6841389e+01
   1.1658611e+01   3.6845000e+01
   1.1659722e+01   3.6848611e+01
   1.1660556e+01   3.6851944e+01
   1.1661944e+01   3.6855556e+01
   1.1663056e+01   3.6858889e+01
   1.1664167e+01   3.6862500e+01
   1.1665556e+01   3.6865833e+01
   1.1666944e+01   3.6869444e+01
   1.1668333e+01   3.6872778e+01
   1.1670000e+01   3.6876111e+01
   1.1671389e+01   3.6879444e+01
   1.1673056e+01   3.6882778e+01
   1.1674722e+01   3.6886389e+01
   1.1676667e+01   3.6889722e+01
   1.1678333e+01   3.6892778e+01
   1.1680278e+01   3.6896111e+01
   1.1682222e+01   3.6899444e+01
   1.1684167e+01   3.6902778e+01
   1.1686111e+01   3.6905833e+01
   1.1688333e+01   3.6909167e+01
   1.1690556e+01   3.6912222e+01
   1.1692778e+01   3.6915278e+01
   1.1695000e+01   3.6918611e+01
   1.1697222e+01   3.6921667e+01
   1.1699722e+01   3.6924722e+01
   1.1701944e+01   3.6927778e+01
   1.1704444e+01   3.6930556e+01
   1.1707222e+01   3.6933611e+01
   1.1709722e+01   3.6936667e+01
   1.1712222e+01   3.6939444e+01
   1.1715000e+01   3.6942500e+01
   1.1717778e+01   3.6945278e+01
   1.1720556e+01   3.6948056e+01
   1.1723333e+01   3.6950833e+01
   1.1726389e+01   3.6953611e+01
   1.1729167e+01   3.6956389e+01
   1.1732222e+01   3.6958889e+01
   1.1735278e+01   3.6961667e+01
   1.1738333e+01   3.6964167e+01
   1.1741667e+01   3.6966944e+01
   1.1744722e+01   3.6969444e+01
   1.1748056e+01   3.6971944e+01
   1.1751111e+01   3.6974444e+01
   1.1754444e+01   3.6976667e+01
   1.1757778e+01   3.6979167e+01
   1.1761389e+01   3.6981667e+01
   1.1764722e+01   3.6983889e+01
   1.1768333e+01   3.6986111e+01
   1.1771667e+01   3.6988333e+01
   1.1775278e+01   3.6990556e+01
   1.1778889e+01   3.6992778e+01
   1.1782500e+01   3.6994722e+01
   1.1786389e+01   3.6996944e+01
   1.1790000e+01   3.6998889e+01
   1.1793611e+01   3.7000833e+01
   1.1797500e+01   3.7002778e+01
   1.1801389e+01   3.7004722e+01
   1.1805278e+01   3.7006667e+01
   1.1809167e+01   3.7008333e+01
   1.1813056e+01   3.7010000e+01
   1.1816944e+01   3.7011944e+01
   1.1820833e+01   3.7013611e+01
   1.1825000e+01   3.7015000e+01
   1.1828889e+01   3.7016667e+01
   1.1833056e+01   3.7018333e+01
   1.1837222e+01   3.7019722e+01
   1.1841389e+01   3.7021111e+01
   1.1845278e+01   3.7022500e+01
   1.1849444e+01   3.7023889e+01
   1.1853889e+01   3.7025278e+01
   1.1858056e+01   3.7026389e+01
   1.1862222e+01   3.7027500e+01
   1.1866389e+01   3.7028611e+01
   1.1870833e+01   3.7029722e+01
   1.1875000e+01   3.7030833e+01
   1.1879444e+01   3.7031944e+01
   1.1883611e+01   3.7032778e+01
   1.1888056e+01   3.7033611e+01
   1.1892500e+01   3.7034444e+01
   1.1896667e+01   3.7035278e+01
   1.1901111e+01   3.7036111e+01
   1.1905556e+01   3.7036667e+01
   1.1910000e+01   3.7037500e+01
   1.1914444e+01   3.7038056e+01
   1.1918889e+01   3.7038611e+01
   1.1923333e+01   3.7039167e+01
   1.1927778e+01   3.7039444e+01
   1.1932222e+01   3.7040000e+01
   1.1936667e+01   3.7040278e+01
   1.1941111e+01   3.7040556e+01
   1.1945833e+01   3.7040833e+01
   1.1950278e+01   3.7040833e+01
   1.1954722e+01   3.7041111e+01
   1.1959167e+01   3.7041111e+01
   1.1965000e+01   3.7041111e+01
   1.1969444e+01   3.7041111e+01
   1.1973889e+01   3.7041111e+01
   1.1978333e+01   3.7040833e+01
   1.1982778e+01   3.7040556e+01
   1.1987222e+01   3.7040556e+01
   1.1991667e+01   3.7040000e+01
   1.1996389e+01   3.7039722e+01
   1.2000833e+01   3.7039444e+01
   1.2005278e+01   3.7038889e+01
   1.2009722e+01   3.7038333e+01
   1.2014167e+01   3.7037778e+01
   1.2018611e+01   3.7037222e+01
   1.2022778e+01   3.7036667e+01
   1.2022778e+01   3.7050278e+01
   1.2015000e+01   3.7063333e+01
   1.1946667e+01   3.7140000e+01
   1.1878333e+01   3.7236667e+01
   1.1803333e+01   3.7343333e+01
   1.1758333e+01   3.7373333e+01
   1.1700000e+01   3.7408333e+01
   1.1316667e+01   3.7686667e+01
   1.1171667e+01   3.7790000e+01
   1.0878333e+01   3.8058333e+01
   1.0695000e+01   3.8410000e+01
   9.9033333e+00   3.8241667e+01
   9.6733333e+00   3.8225000e+01
   9.5633333e+00   3.8250000e+01
   8.8133333e+00   3.8218333e+01
   8.5416667e+00   3.8175000e+01
   8.3716667e+00   3.8130000e+01
   8.1600000e+00   3.8081667e+01
   7.8120453e+00   3.8009980e+01
   7.4760296e+00   3.8130125e+01
   7.4592524e+00   3.8136223e+01
   7.4424839e+00   3.8142424e+01
   7.4257242e+00   3.8148725e+01
   7.4089732e+00   3.8155128e+01
   7.3922311e+00   3.8161633e+01
   7.3754976e+00   3.8168238e+01
   7.3587729e+00   3.8174946e+01
   7.3420570e+00   3.8181754e+01
   7.3253498e+00   3.8188664e+01
   7.3086514e+00   3.8195675e+01
   7.0601170e+00   3.8301513e+01
   7.0191578e+00   3.8318422e+01
   6.9775696e+00   3.8335077e+01
   6.9353512e+00   3.8351475e+01
   6.8925016e+00   3.8367619e+01
   6.8490197e+00   3.8383507e+01
   6.8219869e+00   3.8393088e+01
   6.8088925e+00   3.8400839e+01
   6.7745939e+00   3.8420663e+01
   6.7398126e+00   3.8440291e+01
   6.7045480e+00   3.8459725e+01
   6.6687991e+00   3.8478962e+01
   6.4785750e+00   3.8578876e+01
   6.4738989e+00   3.8581337e+01
   6.4692228e+00   3.8583804e+01
   6.4645468e+00   3.8586278e+01
   6.4598708e+00   3.8588759e+01
   6.4551949e+00   3.8591246e+01
   6.4505190e+00   3.8593740e+01
   6.4458432e+00   3.8596240e+01
   6.4411675e+00   3.8598747e+01
   6.4364918e+00   3.8601260e+01
   6.4318162e+00   3.8603780e+01
   6.0665511e+00   3.8800875e+01
   6.0966667e+00   3.8916667e+01
   6.2166667e+00   3.9346667e+01
   6.3000000e+00   3.9625000e+01
   6.3000000e+00   4.0028333e+01
   6.1983333e+00   4.0358333e+01
   6.1683333e+00   4.0455000e+01
   6.1483333e+00   4.0528333e+01
   6.1300000e+00   4.0595000e+01
   5.9600000e+00   4.1108333e+01
   5.9433333e+00   4.1155000e+01
   5.8897222e+00   4.1243333e+01
   5.9056291e+00   4.1252314e+01
   5.9115894e+00   4.1255679e+01
   6.2041106e+00   4.1420825e+01
   6.3694444e+00   4.1514167e+01
   6.9302778e+00   4.1815833e+01
   7.1357999e+00   4.1772276e+01
   7.6891667e+00   4.1655000e+01
   7.9869444e+00   4.1583056e+01
   8.1395428e+00   4.1537169e+01
   8.3047222e+00   4.1487500e+01
   8.5566667e+00   4.1336111e+01
   8.6597222e+00   4.1264722e+01
   8.7750000e+00   4.1250000e+01
   8.8127778e+00   4.1257778e+01
   8.8257772e+00   4.1260212e+01
   8.9892282e+00   4.1290815e+01
   8.9988889e+00   4.1292623e+01
   9.0988889e+00   4.1311346e+01
   9.1083333e+00   4.1313115e+01
   9.1347222e+00   4.1318056e+01
   9.2700000e+00   4.1291944e+01
   9.3166667e+00   4.1336111e+01
   9.4343389e+00   4.1398134e+01
   9.4500000e+00   4.1406389e+01
   9.4762798e+00   4.1410351e+01
   9.6305556e+00   4.1433611e+01
   9.7169444e+00   4.1433611e+01
   1.0218333e+01   4.1553611e+01
   1.0218333e+01   4.1710556e+01
   1.0143333e+01   4.1777500e+01
   1.0055000e+01   4.1952222e+01
   9.9516667e+00   4.2064167e+01
   9.8786111e+00   4.2161111e+01
   9.8386111e+00   4.2230556e+01
   9.8030556e+00   4.2337500e+01
   9.7988889e+00   4.2381667e+01
   9.7830556e+00   4.2625833e+01
   9.7458333e+00   4.2772500e+01
   9.5583333e+00   4.2955000e+01
   9.6141667e+00   4.3065556e+01
   9.5838889e+00   4.3193611e+01
   9.5705556e+00   4.3275278e+01
   8.9994444e+00   4.3553611e+01
   8.7372222e+00   4.3461389e+01
   8.4597222e+00   4.3253333e+01
   8.0816667e+00   4.3123889e+01
   7.8402778e+00   4.3123889e+01
   7.6722222e+00   4.3425278e+01
   7.6673055e+00   4.3442978e+01
   7.6370651e+00   4.3551843e+01
   7.6305556e+00   4.3575278e+01
   7.6249852e+00   4.3596546e+01
   7.6122222e+00   4.3645278e+01
   7.5380556e+00   4.3744167e+01
   7.5375000e+00   4.3752500e+01
   7.5314923e+00   4.3767332e+01
   7.5286111e+00   4.3774444e+01
