9.011928 44.369756  
8.990389 44.311563  
8.968886 44.253367  
8.947416 44.195168  
8.925980 44.136965  
8.904578 44.078759  
8.883210 44.020550 
8.861875 43.962338  
8.840573 43.904123 
8.819305 43.845904  
8.798007 43.787683  
8.776869 43.729458  
8.755700 43.671230
8.734563 43.612999  
8.713460 43.554765  
8.692389 43.496527  
8.671350 43.438287  
8.650344 43.380043  
8.629370 43.321796  
8.608428 43.263547  
8.587517 43.205294  
8.566639 43.147038  
8.545792 43.088779  
8.524977 43.030517  
8.504193 42.972252  
8.483440 42.913984  
8.462718 42.855713  
8.442028 42.797439  
8.421368 42.739162  
8.380142 42.622599 
8.359574 42.564313
8.339037 42.506024
8.826866 42.521454
8.806319 42.579751
8.785741 42.638045
8.765132 42.696336
8.744493 42.754624
8.723823 42.812910
8.703122 42.871192
8.682390 42.929471
8.661626 42.987747
8.640832 43.046020
8.620005 43.104290
8.599148 43.162557
8.578258 43.220820
8.557337 43.279081
8.536384 43.337339
8.515399 43.395593
8.494382 43.453845
8.473332 43.512093
8.452250 43.570339
8.431135 43.628581
8.409988 43.686820
8.388808 43.745055
8.367594 43.803288
8.346348 43.861518
8.325069 43.919744
8.303756 43.977967
8.282410 44.036187
8.261030 44.094404
8.239617 44.152617
8.218169 44.210827
9.886681 44.209168
9.865238 44.150967
9.843830 44.092762
9.822455 44.034555
9.801114 43.976344
9.779806 43.918130
9.758532 43.859913
9.737290 43.801692
9.716082 43.743469
9.694907 43.685242
9.673765 43.627012
9.652655 43.568779
9.631578 43.510543
9.610533 43.452304
9.589500 43.394061
9.568540 43.335816
9.547592 43.277567
9.526675 43.219316
9.505791 43.161061
9.484938 43.102804
9.464116 43.044543
9.443326 42.986279
9.422568 42.928012
9.401840 42.869742
9.381144 42.811469
9.360479 42.753194
9.339844 42.694915
9.319240 42.636633
9.298667 42.578348
9.278124 42.520060
9.766577 42.511121
9.746038 42.569418
9.725469 42.627711
9.704869 42.686002
9.684238 42.744290
9.663577 42.802574
9.642885 42.860856
9.622162 42.919135
9.601407 42.977411
9.580621 43.035683
9.559804 43.093953
9.538955 43.152220
9.518075 43.210483
9.497163 43.268744
9.476219 43.327001
9.455243 43.385255
9.434235 43.443506
9.413194 43.501754
9.392121 43.559999
9.371016 43.618241
9.349878 43.676480
9.328707 43.734715
9.307503 43.792948
9.286266 43.851177
9.264996 43.909403
9.243693 43.967626
9.222356 44.025845
9.200986 44.084062
9.179582 44.142275
9.158144 44.200485
9.136672 44.258692
9.115166 44.316895
9.093626 44.375095
