-5.292109748360597 35.90423068886967
-5.26524714293103 35.80441456907793
-4.683559262664383 35.81802130988003
-4.549319017585614 35.88756661359974
-4.372426739620635 35.88367639525565
-3.937276109877714 35.99703474296394
-3.412639108992669 35.67711248105766
-2.376331428159745 35.75884320334675
-2.120341226293281 35.91000059186538
-2.097196515528039 35.97439409143379
-1.731712496566156 36.19823321941524
-1.365608520265557 36.42501025112733
-1.104582234230777 36.53930678507137
-0.9926159459209616 36.58453221433999
-0.8717070722770892 36.69330080966015
-0.4548279167100155 36.78990872550866
-0.0924532247904708 36.95760705407227
0.3060363004458555 37.19270440674661
0.791782413435127 37.61643568518318
1.214894462005802 37.60698402764771
1.494028762513486 37.60837505777624
1.880636923170951 37.63595736957343
2.179607217645652 37.70587094508868
2.769799587698627 37.98096905854985
3.12913793765929 37.98633617866481
3.382479935992901 38.02808644287858
3.864047185084694 38.15842925600516
4.264527351157819 38.26927996755737
4.574736968299595 38.38353162257884
5.30422041212179 38.44594432204048
6.053695473492762 38.80443300007391
6.29857398589087 39.62010953385436
6.300928642122765 40.03696206061559
5.946789541341291 41.13372649222526
5.890403951725127 41.23298719861367
5.783012183410636 41.29850725407771
5.323843842048217 41.47128802009725
4.984009760536616 41.9293350804485
4.534871158369009 42.45640368805653
4.155723259590081 42.72023000328458
3.875251492735823 42.74756899344695
3.172633302299759 42.43785229077427
3.190660760933803 42.36792614439398
3.298570567041517 42.3488250232351
3.341862652565586 42.31386079658154
3.290749318599779 42.24729993632661
3.248226717265577 42.18706216311571
3.141150634431242 42.14895764134541
3.231898545080905 42.0761709628203
3.232394832458878 42.00651142263234
3.262704134521717 41.94640904973544
3.224760658213794 41.85778952227267
3.109811154510704 41.80058732174682
3.020640064754119 41.73067283532155
2.820409117355382 41.65368294885647
2.487723445825751 41.52421165084824
2.291076979264484 41.45219575479901
2.207012221568088 41.33026997909755
2.16516031788812 41.25647738570585
2.053306669391042 41.2451952790825
1.465401557169221 41.12490502372124
1.302824947282921 41.09679884694989
1.232571474666806 41.06707883502636
1.17503832250835 41.03440350002432
1.032611541040314 41.0315512882292
0.7816091000224601 40.80807352356703
0.8378615031891146 40.76200413284869
0.8845461016568512 40.74412093654086
0.8943604545667361 40.70644752727992
0.866976639156205 40.65843353090884
0.7984170259715273 40.59679142260415
0.6921490124906238 40.54043570780161
0.6049301601583568 40.52870089119472
0.5269667946786827 40.49498923188894
0.4513920623933876 40.37339810323745
0.349161999894807 40.25763868214504
0.2799633676573365 40.17938378353779
0.2208647558921362 40.12095173045643
0.1049956917397998 40.02017324501815
0.04495300163071869 39.93937467817101
-0.06296251064733083 39.81365431674198
-0.1533127751308783 39.68284385486252
-0.240617975556201 39.56173357038292
-0.290207974808866 39.46891711671446
-0.2815946803742064 39.37434814358853
-0.2112915689131567 39.21808538828984
-0.1908019035825026 39.12454307070077
-0.1285739039706457 39.02481687466769
-0.02606905069812981 38.92829816486361
0.07414434568720818 38.8790834723285
0.1762569973627248 38.84580935340573
0.2320184628527078 38.78986562788345
0.2722970617653697 38.72635154156111
0.1464637498675248 38.65627629576053
0.02681169074682632 38.60229075947528
-0.02137407056813867 38.56342513275924
-0.06258097405549057 38.53468543036741
-0.1479104967633782 38.49894828938582
-0.2574477335974223 38.46110719254924
-0.3678950120303348 38.39745381736563
-0.4028052515474179 38.32667679030469
-0.48374753723474 38.29467063526024
-0.4734989033860948 38.21890297315176
-0.4728252953159617 38.18388109999459
-0.5619926398217079 38.15437432933583
-0.6044518625190221 38.10949584668128
-0.6220983005153657 38.03162079402993
-0.6304425778005585 37.94502364702961
-0.7097157724120695 37.8462634734876
-0.7051590816557307 37.75449867038894
-0.7103284283283184 37.67471292508431
-0.6681340878981346 37.63061012245707
-0.6987682928183714 37.58996799652691
-0.806540037513972 37.55546434794433
-0.8957627878854435 37.53195647128648
-0.9819572812170374 37.51497190150285
-1.026998406259854 37.54918748214932
-1.088046834887691 37.55338642270272
-1.135355232517783 37.51744277301121
-1.199190778260241 37.54042042060856
-1.275907504755752 37.53995775939027
-1.327812326699367 37.53531010901976
-1.423362923600012 37.46937673243411
-1.456399156588958 37.41859369559412
-1.539812702061198 37.4077449156264
-1.646894231779547 37.33722085642504
-1.734031149732772 37.26837860190102
-1.775176886065483 37.1910733135122
-1.8088053019105 37.13438298006982
-1.823141887728859 37.04386922037622
-1.863870469717461 36.97003061755388
-1.928588283351733 36.89710904617272
-1.989164936549039 36.84999989822607
-2.038971826477394 36.78479819776548
-2.103845026097744 36.74037922506322
-2.16916695302034 36.69904453068225
-2.336232049749731 36.82272054194191
-2.398766676369223 36.81336213079749
-2.473156099945554 36.80279001446936
-2.49924224021694 36.81612597884075
-2.584284988893066 36.77252798425597
-2.617246358415236 36.70221743952877
-2.675261071566553 36.6644290473491
-2.767099341674388 36.66733113141547
-2.84124871852846 36.68511589982723
-2.932190501128765 36.73288101845862
-3.257754883305549 36.73355885480596
-3.37505640731114 36.69870951501248
-3.45432331956134 36.67423212202986
-3.583320216218363 36.70788841184093
-3.647949949379919 36.73578895904973
-3.743036106672473 36.70933830911537
-3.831761587891509 36.7376954070574
-3.922989944909421 36.73384212649195
-4.056336130359499 36.74109185169635
-4.178022749651186 36.70485024486751
-4.404067901728745 36.71065014111627
-4.511460492842364 36.59566953589849
-4.591719457467722 36.55092253262229
-4.638453271482017 36.47809616859742
-4.707862405393589 36.4825363544734
-4.878498456245671 36.4874639930507
-4.923477085577371 36.49161857962965
-5.013150236716015 36.44840971823483
-5.135326045391163 36.40749919538079
-5.188880586548894 36.39362817719702
-5.235008014131822 36.32414066939798
-5.280122974690789 36.22925813012303
-5.325501529128561 36.15659775895371
-5.165161248883649 36.14474851763536
-4.97897716809284 36.07855118311758
-5.324983758818983 36.00998055148956
-5.404917809136932 36.1784460531138
-5.449344156569119 36.12176058347755
-5.440886268862107 36.07817782458221
-5.468834761641691 35.99804259459097
-5.597819316722154 35.9494447548565
-5.292109748360597 35.90423068886967
