 -8.9250003 -140.101667
 -8.9666907 -140.036663
 -8.8683333 -139.756667
 -8.8450008 -139.441672
 -8.9490628 -139.529112
 -9.0250008 -139.611662
 -9.2069450 -139.246220
 -9.4583332 -138.933328
 -9.6666678 -138.680502
 -9.8164275 -139.014595
 -9.8398828 -139.000852
-10.2016677 -138.943333
-10.1016677 -139.168333
 -9.7500003 -139.149997
 -9.8583332 -139.291668
-10.0083332 -139.383328
 -9.8038337 -139.615333
 -9.7780850 -139.179380
 -9.7500002 -139.158328
 -9.4916675 -139.399995
 -9.5553337 -139.758333
 -9.5116675 -140.030995
 -9.3972027 -140.130333
 -9.4700002 -140.249998
 -9.6083338 -140.366672
 -9.3500003 -140.501667
 -9.3972027 -140.130333
 -9.3966678 -140.141672
 -9.2666670 -139.850000
 -9.1516677 -140.113333
 -8.9833338 -140.360552
 -9.1016677 -140.486663
 -8.8533337 -140.620003
 -8.8198683 -140.253167
 -8.8850005 -140.247225
 -8.5622222 -140.353338
 -8.6600007 -140.600003
 -8.2966673 -140.666667
 -8.0286107 -140.738333
 -8.1250007 -140.858333
 -8.2416677 -140.999993
 -7.9700005 -141.136665
 -8.0050003 -140.778327
 -8.0050003 -140.778327
 -7.6716675 -140.691665
 -7.8375007 -140.438333
 -8.1659172 -140.224998
 -8.5216678 -140.008332
 -9.0522177 -139.834833
 -8.9250003 -140.101667
